Climate_data/Aus_bio15_Equal_10km.asc
NCOLS 560 
NROWS 490 
XLLCORNER -2904860 
YLLCORNER -5334205 
CELLSIZE 10000 
NODATA_value -9999 
[rows 110 to 131 of 490, columns 357 to 407 of 560]
-9999 -9999 -9999 -9999 -9999 -9999 -9999 -9999 -9999 -9999 -9999 -9999 -9999 -9999 -9999 133.930986947461 133.662180837374 133.384673587301 133.069361683875 132.646131743274 132.273362289461 131.796930302613 131.351061975255 130.887144670861 130.491327702232 130.112540769006 129.563759708493 130.034291185164 129.864437919889 129.565779823916 128.890622331937 128.031051004273 128.232298930829 127.551963128929 126.581373206839 127.389282453389 127.925905530304 127.390741257086 126.513615693808 125.583447527095 -9999 -9999 -9999 -9999 116.298313632118 114.667595898056 113.097309800001 -9999 109.576888577915 -9999 -9999
-9999 -9999 -9999 -9999 -9999 -9999 -9999 -9999 -9999 -9999 -9999 -9999 -9999 -9999 -9999 134.12679883783 133.981118907758 133.77817917526 133.530047847288 133.244295604276 132.905377837217 132.442470642035 131.863629155896 131.307156048096 130.818655273479 130.561517315958 130.379510364549 130.388015194745 129.933659755859 129.758048379738 129.398773113233 128.344794191036 128.106109692875 127.047456560104 125.812162966723 124.684965328161 126.864789303098 126.416634212427 125.629297052669 125.102415948018 124.062144014805 -9999 -9999 -9999 116.730826764913 114.699103184564 113.709396362305 112.198180302121 109.226812469743 109.747487827767 -9999
-9999 -9999 -9999 -9999 -9999 -9999 -9999 -9999 -9999 -9999 -9999 -9999 -9999 -9999 -9999 134.375630434259 134.290787176276 134.137455003077 133.901474296384 133.721097651393 133.499063999088 133.017347845084 132.330603808647 131.718067857927 131.206409973389 130.70779561808 130.377985244481 130.261668214896 130.116721439318 130.069384703214 128.839382831964 127.3557269191 126.786820774151 125.555924390963 125.020361889544 124.048891802746 124.804265609575 125.410621983315 125.027169514597 124.550590579332 124.223128597949 -9999 -9999 -9999 117.361896988416 114.675403110637 113.728283422569 110.232667376068 108.525432297129 109.561734658186 -9999
-9999 -9999 -9999 -9999 -9999 -9999 -9999 -9999 -9999 -9999 -9999 -9999 -9999 -9999 -9999 134.637731769504 134.560098011457 134.424485543519 134.202421070118 133.987577051504 133.789399129241 133.388025487515 132.589892968608 131.861770389897 131.279772314422 130.564734507815 130.021205965401 129.58084921885 129.349177174595 129.454668031455 127.908590556309 125.327712249478 124.826652518547 125.183546033943 124.415832251996 123.130542586638 123.480559365273 124.845043790672 124.435594289764 124.055338388296 123.492216631289 122.824703932889 121.211471557617 119.91609601435 118.75523831426 114.936726453395 113.498697612511 112.241980593312 110.245947295784 109.547034750103 -9999
-9999 -9999 -9999 -9999 -9999 -9999 -9999 -9999 -9999 -9999 -9999 -9999 -9999 -9999 -9999 134.871404243116 134.793703588128 134.638891730669 134.441857645976 134.192965221984 133.830920180118 133.385051448928 132.698025831149 131.964314903822 131.164837301266 130.334746715282 129.588859974205 128.787148554021 128.037961713491 127.516617911841 126.697902801149 125.152822390138 124.772023328152 124.321262308247 123.185290067956 121.802437128687 121.144368273183 123.363224894714 123.646499094904 123.615886778843 123.012021784144 122.30653411496 121.4265833268 120.159673447524 118.686531433015 116.692948992598 114.527874680236 111.430313481666 111.207649384836 110.157709426835 108.626219475264
-9999 -9999 -9999 -9999 -9999 -9999 -9999 -9999 -9999 -9999 -9999 -9999 -9999 -9999 -9999 135.072346459549 134.990045781347 134.821263895398 134.567845314264 134.231201086131 133.789350377964 133.201847203105 132.45893420085 131.618401696794 130.757333894602 129.874779362693 128.872826512085 127.742658195387 126.728200439572 126.133415896981 125.302712099668 124.709238317882 123.936405734753 123.240526420884 121.978629568186 120.978135849497 120.923702313949 122.700539474096 122.656971153628 122.794041856737 122.466134656559 122.18225386626 121.66613101539 120.764503699381 119.379295439166 117.566049285051 115.537084340597 112.176954772188 110.884397362452 108.212012041322 108.554027603064
-9999 -9999 -9999 -9999 -9999 -9999 -9999 -9999 -9999 -9999 -9999 -9999 -9999 -9999 -9999 135.257377516659 135.172571478737 134.974957385168 134.650195303178 134.22628838396 133.676956583939 132.985301052657 132.215133666489 131.318233075411 130.30340587015 129.201027690316 128.010837094791 126.706879504047 125.432294678655 124.342646891635 123.755453000208 123.422237097478 122.807079790153 122.362015929196 121.326915326092 120.174305823735 120.723334263053 121.602547853583 121.734448249269 121.814233555918 121.805628572444 121.918319006635 121.947433095899 121.385186174126 119.984138804116 118.183620037956 116.235048893122 113.645110764171 110.199896523749 110.526404077021 108.793956084794
-9999 -9999 -9999 -9999 -9999 -9999 -9999 -9999 -9999 -9999 -9999 -9999 -9999 -9999 -9999 135.49731236057 135.315189316456 135.078754309269 134.683636690297 134.197891406742 133.579543551626 132.84362980419 131.994959827462 130.987230019433 129.83127107916 128.580280238797 127.277657757699 125.816582890769 124.180882522746 123.088052672409 122.866371510827 122.510506781127 122.190049298568 121.434409308413 120.473363026222 119.829094100501 120.226910499295 120.58605066138 120.65731909156 120.833201388335 121.069462103764 121.489742195666 121.881791856257 121.796621652296 120.266626240227 118.375641934959 116.571412628315 114.638196167565 111.782170370444 109.036686931523 106.580292560901
-9999 -9999 -9999 -9999 -9999 -9999 -9999 -9999 -9999 -9999 -9999 -9999 -9999 -9999 -9999 -9999 135.436447400468 135.168986096236 134.765995612355 134.243997432747 133.536981129035 132.733218495352 131.787330301527 130.742456811742 129.54742693995 128.145251261094 126.681385211047 125.077091340754 123.509373617366 122.590508011747 122.254920034369 121.854045601836 121.358086984048 120.881861578061 119.894892539198 119.1606117024 119.104750595163 119.668186466753 119.324879947736 119.596604715789 120.170888320563 120.852834866266 121.396762696721 121.35327554543 120.2725986065 118.398563436924 116.914735346631 115.199498976908 112.957125033135 109.599973375567 107.874887533774
-9999 -9999 -9999 -9999 -9999 -9999 -9999 -9999 -9999 -9999 -9999 -9999 -9999 -9999 -9999 135.659675569532 135.513818784875 135.274743662727 134.855780539317 134.268805263677 133.511423368985 132.650448671018 131.670039546022 130.645217150392 129.339503654393 128.041907455382 126.528400702483 125.087097201614 123.811527559462 122.710217396691 122.389794264336 121.760221082179 121.345525720563 120.640152429164 119.604707685918 119.372846385811 119.10973209509 118.909879151668 118.432401861901 118.418708455466 119.383510541822 120.241898532743 120.965675756953 121.080712729961 120.437110780334 119.107830093183 117.576991508438 115.814055892836 113.668968478592 110.725334877919 107.865801636484
-9999 -9999 -9999 -9999 -9999 -9999 -9999 -9999 -9999 -9999 -9999 -9999 -9999 -9999 -9999 135.710152930114 135.622136212302 135.383479116793 134.948158178392 134.317920565521 133.544665897922 132.622408158141 131.608077379005 130.499762267941 129.309359014326 128.032049582688 126.704885535838 125.441395190345 124.162070476102 123.42566974364 122.712704992334 122.077297599055 121.34337463034 120.614269745751 119.879441137248 119.974820874006 119.615811151555 118.979932835591 117.890038122552 117.806612114521 118.987923890459 119.924912304011 120.805646921634 121.074407024968 120.594220695534 119.635285729865 118.108643708554 116.206512978858 114.167379683594 111.631247754624 108.316449361559
-9999 -9999 -9999 -9999 -9999 -9999 -9999 -9999 -9999 -9999 -9999 -9999 -9999 -9999 135.788081761371 135.786871870435 135.742349032432 135.520766239161 135.05142992483 134.380746640957 133.57112019123 132.586338438539 131.566236915358 130.431463403951 129.19829528756 127.986308940574 126.779783138783 125.629995671741 124.622640528151 123.88790122948 123.032224659401 122.351022584644 121.624367085249 120.804259597659 120.320430817396 120.387363038084 120.199273055297 119.441578289849 118.521858231672 118.934621238084 119.550326080377 120.280443372025 121.00027713791 121.173401195344 120.874482810416 120.117774582073 118.641203763863 116.675491141566 114.632824441238 112.271714706559 108.899722991794
-9999 -9999 -9999 -9999 -9999 -9999 -9999 -9999 -9999 -9999 -9999 -9999 -9999 -9999 135.350456727799 135.827383680154 135.86721809868 135.680683258509 135.119505054444 134.348660933807 133.518456121738 132.545192040778 131.536029748985 130.381495091146 129.272003188857 128.07768253064 127.042734800293 126.046116284155 125.26913611758 124.430202693484 123.583567799764 122.82200059975 122.264894589053 121.674841788773 121.07360747708 120.879452146172 120.885301600324 119.968767915613 119.695549101954 120.084117410961 120.478874120163 121.093546439362 121.641565555798 121.595678108738 121.410174388842 120.845129381579 119.493164614376 117.623561155787 115.50669545961 113.054336703904 110.038836829239
-9999 -9999 -9999 -9999 -9999 -9999 -9999 -9999 -9999 -9999 -9999 -9999 -9999 135.33155090111 135.587586310345 135.753295337571 135.874665301673 135.741571958542 135.035541510505 134.200115074601 133.318512794427 132.406981736546 131.469813089672 130.426842274458 129.314498749346 128.233206114991 127.301423705077 126.438633495175 125.700534747395 124.820754640524 124.06742330489 123.41484144935 122.869585547966 122.367942147639 122.01764289388 121.776821459091 121.448411187589 120.757791943203 120.758462152258 121.241430698741 121.503424773246 122.115073064704 122.250094276393 122.400927718515 122.17413081338 121.688906933773 120.443633400279 118.648105045795 116.383665717207 113.624922749495 110.61774218339
-9999 -9999 -9999 -9999 -9999 -9999 -9999 -9999 -9999 -9999 -9999 -9999 -9999 135.263579746158 135.377349785154 135.504508992275 135.546053260772 135.315565726053 134.705143415995 133.912225664657 133.067808726241 132.172723408666 131.305773116531 130.365181873854 129.378043224829 128.464927750109 127.568194532755 126.693360445563 125.830831823078 125.034488690532 124.385166211821 123.648290989804 123.200726612823 122.782442761993 122.573839003988 122.389542551941 122.034808624499 120.959602142135 121.698447017801 122.145483810773 122.29505706853 122.775343507322 122.824166080487 123.22474083871 122.909677537882 122.612268571391 121.65873305707 119.536710966377 116.899998267446 113.839380395243 110.896564628487
-9999 -9999 -9999 -9999 -9999 -9999 -9999 -9999 -9999 -9999 -9999 -9999 -9999 134.976527950409 135.053396159275 135.106720326682 135.03437099142 134.73907598598 134.200888481544 133.533585647943 132.760454378641 131.930934684145 131.078978309839 130.313903634982 129.436610501825 128.543956272196 127.690462714481 126.894259387091 126.128232719565 125.430356735519 124.742510757255 124.22173686943 123.62823733734 123.202811810832 122.809226953401 122.668817856931 121.571985067249 120.715313284306 121.77692301812 122.326780405811 122.751360771294 122.94289511832 123.365517354684 123.889147184846 123.560285826632 123.910392136587 122.975770104201 120.779963636634 117.204515686782 114.099542892833 110.255206550764
-9999 -9999 -9999 -9999 -9999 -9999 -9999 -9999 -9999 -9999 -9999 -9999 -9999 134.642307411254 134.679565843814 134.670679834341 134.501955334323 134.186802196617 133.713969285131 133.111275650614 132.420222778172 131.68224329358 130.886782611718 130.089781247134 129.290069276582 128.55043836647 127.863618747959 127.184104760548 126.50131434494 125.863032910361 125.2439089155 124.63144224346 124.148848142232 123.62636151522 122.971724675576 122.013465557036 121.600542827453 121.815530813351 121.64069763522 122.235435575638 123.115179220521 123.636729341526 123.257016383118 124.186511778038 124.69034216896 124.916241746244 124.137159087153 121.655800291041 117.644173245411 114.102168995224 110.810567416923
-9999 -9999 -9999 -9999 -9999 -9999 -9999 -9999 -9999 -9999 -9999 -9999 133.877490502473 134.049219555672 134.271457922383 134.185561128558 133.967086073506 133.635244693118 133.187369554133 132.648067061684 132.02518290866 131.340839923603 130.67551571478 129.95163960877 129.180346282836 128.498761047368 127.90625827527 127.365625712086 126.791278165731 126.214497437177 125.630266507867 125.095020365889 124.594631280428 124.011743495402 123.172565260204 122.666205421783 122.837073647851 123.164508658387 122.892121472672 122.366582547691 123.205299201079 123.409132779401 122.679420792603 123.894342076075 124.877381651806 124.979847719565 124.032530692719 122.183576128567 118.990805949948 113.096185221704 109.295239798304
-9999 -9999 -9999 -9999 -9999 -9999 -9999 -9999 -9999 -9999 -9999 -9999 133.930314172776 133.895364530036 133.836876362573 133.707246651069 133.515638464983 133.201756733801 132.74779208678 132.230411151191 131.650692626007 131.022473577564 130.394603656055 129.765142536352 129.098098404568 128.50351956921 127.972121737593 127.467635686122 127.000857296702 126.437827144383 125.896836097137 125.435589916362 124.839566968518 124.321868124242 123.79796071908 123.442733196506 123.491409950212 122.996165873329 122.856101064678 123.076682864432 123.503329974354 123.219921975533 122.703699666791 123.115179570075 123.750467120973 123.435629958816 123.697914676557 122.926024788401 121.720351073618 117.894771099018 110.423622118856
-9999 -9999 -9999 -9999 -9999 -9999 -9999 -9999 -9999 -9999 -9999 -9999 -9999 133.509733523967 133.407086035936 133.238687149058 132.996461139928 132.670585241606 132.214996640823 131.77226815992 131.262898392876 130.765449282718 130.210391929315 129.627970005443 129.086217755286 128.588095961951 128.040325701188 127.56582587281 127.096141177865 126.677762210743 126.241410613233 125.77500766747 125.306478626235 124.877379546839 124.517708499731 123.957394337537 123.792872275894 123.236366265572 123.314417449329 123.812693825871 123.60957522852 122.569957745039 121.91381122045 121.646361167903 122.051338103793 120.676656743305 120.26148724204 119.476285042286 121.774362001434 120.798607641372 117.023738377535
-9999 -9999 -9999 -9999 -9999 -9999 -9999 -9999 -9999 -9999 -9999 -9999 133.069695505547 133.088558015845 132.98324779075 132.779877191466 132.508328678309 132.174230103012 131.775921363223 131.380036427859 130.922287855879 130.475115806892 129.991951582006 129.511026633045 129.033983467979 128.578829634746 128.198996787138 127.834931366826 127.462482073671 127.04852401891 126.724323653319 126.371682702545 125.896875043915 125.545419360737 124.919169423854 124.46980834716 124.078158807715 124.278065193582 124.366716185102 124.309897025693 124.182582616029 124.112647941867 123.359413962271 122.853677923726 121.813289410406 120.709305160617 118.846575171734 116.44063365561 115.879793679178 119.488182646701 117.297012032698
-9999 -9999 -9999 -9999 -9999 -9999 -9999 -9999 -9999 -9999 -9999 -9999 132.787679880866 132.695749775415 132.567429351642 132.369774656544 132.068733847649 131.721949493772 131.404006276195 131.087433391581 130.65512859706 130.252939899021 129.828843802392 129.438024059903 129.057364367308 128.673554894366 128.32111247063 128.03558642563 127.741362604526 127.356423188593 127.006038336794 126.671517785499 126.308408696471 125.927297096364 125.353591669122 124.909184437035 124.471875045697 124.481827947325 124.560862383783 124.382683783963 124.058413671173 124.149788107073 123.68641751746 123.836643340939 123.453895309878 122.233539949562 120.714865275198 119.503337094757 119.18417366242 114.128798417115 112.928092063215
