Climate_data/Aus_bio2_Equal_10km.asc
NCOLS 560 
NROWS 490 
XLLCORNER -2904860 
YLLCORNER -5334205 
CELLSIZE 10000 
NODATA_value -9999 
[rows 286 to 307 of 490, columns 102 to 152 of 560]
-9999 -9999 -9999 -9999 12.6353331039491 13.01218898045 13.4478152780934 13.7563063857326 14.1300559031521 14.5375663918918 14.8464559487569 15.0512025748244 15.0697587678298 14.9873820666881 14.9710927791461 15.1299448501107 15.1999243682547 15.1897071401221 15.122786141695 15.1728477118538 15.2608777231934 15.2326633840069 15.1926019993842 15.0950338580164 15.0690760517747 15.0442872643259 15.0238370743915 14.967251005955 14.8663966839104 14.8598195140424 14.7799147120094 14.8047455317344 14.7930659592106 14.7933847780919 14.6866358967048 14.6280770065105 14.6284990308802 14.6353207318743 14.5863777043916 14.5307410740658 14.4543693538027 14.3987366700341 14.287364775192 14.3082475747796 14.2976526576908 14.2470404719042 14.2848060787042 14.4253805719468 14.4506312794899 14.3685725105872 14.332288963489
-9999 -9999 -9999 -9999 -9999 12.9922101396104 13.3654203960063 13.7856829222004 14.1438373666395 14.5240474491325 14.6675520619884 14.8468719431908 15.0241626545905 14.9783228905722 14.9914497198911 15.0780268648903 15.1256505376767 15.1152188430608 15.1144288965668 15.1488345828653 15.220898480581 15.170561226565 15.1215513338195 15.0999709355563 15.0723403128602 15.0280643835103 14.9341779757996 14.8716309490657 14.7321852129179 14.7019535462432 14.8150428298259 14.8029764169532 14.7830193312511 14.7286083282717 14.6182200573301 14.6691784294201 14.6418204011885 14.6049929702621 14.5791106364074 14.5639860024368 14.5054203743894 14.427259401301 14.3178645206145 14.2091620347252 14.2158366721511 14.2413179693528 14.2703849100914 14.3450535251604 14.3896982506166 14.3233875737035 14.3406395122336
-9999 -9999 -9999 -9999 -9999 12.9149082124982 13.2806333027639 13.7006388563448 14.0865561963904 14.4185627463111 14.6233363636198 14.7189995143943 14.8793354996758 14.9254192361459 14.9860654735464 15.0313946062608 14.9980576072929 15.0186567328763 15.0651107424683 15.1386494009556 15.1550314586358 15.0883933342145 15.0755611146902 15.0760954863747 14.9859926512245 14.95797744028 14.8851600918365 14.7681092087249 14.7305161454874 14.6433958760004 14.6458705421197 14.7370654691073 14.7251466394477 14.6568577375252 14.5931295434324 14.6231976385899 14.5631790401818 14.6006435248241 14.5323841880862 14.5176927321083 14.4672807209584 14.3243004255507 14.3388632774235 14.2995473547668 14.2655564052632 14.3094372171397 14.2851390378966 14.3087736586891 14.3414943272277 14.3428197952636 14.3570036237411
-9999 -9999 -9999 -9999 -9999 -9999 13.2177966113663 13.6332910552964 14.0337815781945 14.3146009631569 14.5741492300852 14.7594394594469 14.8832060168766 14.8508568764957 14.9242916013932 14.9347399239332 14.9076292461459 14.9473652052993 14.993762908669 15.009863819592 15.0379667151482 14.9694748985687 14.9678759482544 15.0081718156726 14.9102948870971 14.8330661072749 14.8163889856556 14.7224607556634 14.7142057774135 14.5961214076798 14.6418113792175 14.6774200290501 14.6174777020123 14.6273760047416 14.6011475959365 14.5938400634665 14.5773273472646 14.5714965969916 14.5593441989674 14.4985141225861 14.3896754339461 14.3050597640991 14.3077280696925 14.3659144816133 14.3309266976854 14.3653335138368 14.2820703478398 14.3202637911484 14.3234609580276 14.2777259043414 14.2755825811315
-9999 -9999 -9999 -9999 -9999 -9999 13.2056836091788 13.5337877720686 13.9646980858503 14.3006312504048 14.577054047424 14.8074873023786 14.7862704247402 14.8128594108368 14.868038622871 14.8279762829001 14.8256119043465 14.9032338959576 14.9431075608766 14.9539988907173 14.9823930739845 14.9619898760876 14.8940776793743 14.9491037086736 14.8973185928204 14.7734493073982 14.6791100863699 14.6217266104025 14.6344548040506 14.5874532957411 14.5717816978882 14.6028399323558 14.5399124551595 14.5126881373063 14.4865357871211 14.5192712474177 14.4684961842569 14.436452838268 14.5138646595142 14.4909752660394 14.3759281246995 14.2408053024772 14.2563798076027 14.3566581436651 14.3851393709274 14.3567873592082 14.3123264899689 14.4125633635812 14.3158281404267 14.2802128738948 14.2733936466605
-9999 -9999 -9999 -9999 -9999 -9999 13.0152841063679 13.4002033090369 13.8586597603523 14.268789971352 14.6110723025257 14.7909346135705 14.8083004243004 14.7870786845255 14.8303096922559 14.7449655692608 14.7291898069692 14.8095480815936 14.8574219365252 14.9374590271422 14.9935000000761 14.9217272080988 14.8207955871941 14.8501037702237 14.8555585088652 14.756802678651 14.6632667851565 14.5810209467972 14.5215103174225 14.5080396367233 14.5113622421174 14.5270967478545 14.5212931846599 14.4944326582649 14.4365970864816 14.3652422934552 14.331924003129 14.2984178082086 14.3981742185067 14.4220653936601 14.369420350682 14.2724179496537 14.3042708779821 14.3617487338423 14.390565169699 14.4016467869651 14.3647697603306 14.4443208994447 14.3920761694174 14.370456320653 14.2776338251968
-9999 -9999 -9999 -9999 -9999 -9999 12.8943932036981 13.2452090765504 13.7137068581087 14.1664835681324 14.5916243559531 14.799807847519 14.812736178238 14.7862884748327 14.7854734469942 14.7895271181927 14.7861686168689 14.822798253599 14.8562052634859 14.9516687897566 14.9500718951895 14.8860650641334 14.7740292697937 14.7635781432441 14.7851827584025 14.6950747066458 14.6174903606652 14.5486751710934 14.4674441865663 14.3624515894259 14.411156607179 14.4518864149949 14.4192033365899 14.3899094851397 14.4151404901887 14.3730501963093 14.3085457462677 14.2774274700989 14.2534002428708 14.2867136336322 14.2600388407787 14.281105520851 14.2850138654659 14.2779664157552 14.3173024450202 14.4365920598697 14.4359283099281 14.473726110155 14.4442545203412 14.3544343491895 14.2496484566483
-9999 -9999 -9999 -9999 -9999 -9999 12.7055370283395 13.0633715731861 13.533321996254 13.9877290468381 14.4924826154733 14.8026073146243 14.7663918191373 14.7779456126876 14.7867509264279 14.8141302175935 14.8720566180268 14.8639671669067 14.8915586776378 14.9307256546845 14.8566715215826 14.8021032276237 14.7287569707163 14.6495652322813 14.678844814021 14.6432575095931 14.584303306681 14.5167482941164 14.3650478931602 14.2698227524009 14.2690593437411 14.3515470068343 14.2934761365996 14.2747394671524 14.2338429383313 14.3015866746707 14.2690298191281 14.2427494306636 14.2450291536764 14.2294882187439 14.1694795541496 14.208906764975 14.2168461877981 14.2468469351385 14.3596049064408 14.443674039089 14.4649746966618 14.3821499602321 14.3512846902341 14.3736622569029 14.3480019919315
-9999 -9999 -9999 -9999 -9999 -9999 -9999 12.8887991274917 13.3144296585937 13.7670082553131 14.2290117511339 14.5897166168993 14.6466380871649 14.6725417362092 14.7580709616751 14.8510602432156 14.9255548789426 14.9189015070611 14.9433411778574 14.9114326182721 14.8450928682695 14.7637104288733 14.7298321515781 14.5795429164346 14.5827125975785 14.5398959885627 14.4723416131698 14.436644835496 14.360336810375 14.2499862983656 14.1867491919219 14.2595974414549 14.2456170549727 14.208761012694 14.1470533840126 14.1490434268996 14.1529031770766 14.1206803924944 14.1436176368089 14.1222648599107 14.0991883297311 14.132297839419 14.1453985324513 14.2166021368364 14.2607976170602 14.3653090361912 14.4738688773758 14.4515839915907 14.4205459886978 14.4401833779288 14.3739448261114
-9999 -9999 -9999 -9999 -9999 -9999 -9999 12.6752124960794 13.0551082078157 13.5001999813792 13.9265651632038 14.2481485524043 14.3864436017526 14.5415240950774 14.6823080041958 14.8433956510021 14.9700422462855 14.9549375582508 14.8814384805619 14.8945399186063 14.8508028788686 14.7501671216148 14.6829673515856 14.5498115504755 14.4454808681433 14.4095669531925 14.3143588405281 14.3381597867948 14.2411558017265 14.121986353394 14.120401396516 14.1664898319669 14.1640640332905 14.1371217482401 14.0811418102298 14.04636500788 14.0455670189328 14.0232469780469 14.0663604175678 14.0655524936011 14.0435275088005 14.1108745912454 14.201954259962 14.254544224774 14.2663792307449 14.4009668650763 14.4624346741563 14.4301088838908 14.4396587525652 14.4238071452742 14.3953427479362
-9999 -9999 -9999 -9999 -9999 -9999 -9999 12.3329001151064 12.76404392205 13.165455597245 13.5602341183888 13.9140181810799 14.1575074885367 14.2941508542951 14.5550695858166 14.7722801428882 14.9820509712479 15.0269350349998 14.92890751059 14.8608598549237 14.8157445898651 14.7304317755188 14.6102836640613 14.4913080136278 14.4141424237008 14.3259109918304 14.2053720287298 14.2274398195995 14.1859256452297 14.0993255532143 14.0094478415078 14.0483286972754 14.0736915126516 14.017146259939 13.9916589686968 13.976607951274 13.9346802087497 13.9874356524734 14.0001453655888 14.0070423955755 14.0536979451213 14.1574513718808 14.2458267872126 14.341769749628 14.3769604270876 14.4255237252706 14.4126524736891 14.3515569214073 14.4102985572279 14.4175955599043 14.4953352593389
-9999 -9999 -9999 -9999 -9999 -9999 -9999 12.2183109124528 12.4444616530808 12.7980396596632 13.1920404733634 13.5712192622053 13.8863820359861 14.1302166368105 14.3854564035483 14.6758066048076 14.9754688646193 15.0526776451064 14.9255374203198 14.8071249614717 14.7493816416025 14.6419416574571 14.5796357719143 14.4322874377073 14.3460929129435 14.3039910067495 14.1794121089105 14.0858743892789 14.0348998686288 14.0100550375275 13.8978986882268 13.9551466282598 13.9395924150816 13.9620166006513 13.9411785701729 13.9796794339399 13.9097301550467 13.8806671070168 14.0207376366025 13.9818512076367 14.11562950567 14.1457756087178 14.2364100369368 14.3403817938659 14.3032332226262 14.3344190341806 14.3666978638619 14.4447902059132 14.4661077841862 14.5470768367541 14.5855499685717
-9999 -9999 -9999 -9999 -9999 -9999 -9999 -9999 12.0743666980355 12.4812169003877 12.8660058597012 13.2904608962078 13.6080155574705 13.9398351347845 14.1562421812636 14.4753303593568 14.9066682655363 15.0289062590419 14.9124009409366 14.8024866105003 14.7116243745086 14.631040111726 14.5571466296023 14.3894154172167 14.3032498921309 14.2450392112727 14.1063366412883 13.9509574086976 13.9129495285572 13.8850195544405 13.7982432905684 13.8285622477724 13.8851501377466 13.9450783629142 13.9149718241084 13.9616683594102 13.9392664045085 13.9041832577832 14.0197160750818 13.9972812964468 14.0978845791402 14.2196714772756 14.3070767328948 14.2653581099495 14.2367312744006 14.3803336220422 14.3761370342571 14.5124061463447 14.5574326866419 14.6179602904829 14.6015630108904
-9999 -9999 -9999 -9999 -9999 -9999 -9999 -9999 11.7918777374953 12.153678261685 12.570801419141 12.9348274677021 13.3026174712339 13.6398995414612 13.8513020810363 14.2697765104448 14.6485390595043 14.8355558261001 14.8423168563028 14.7561145810273 14.69368255413 14.6293193284348 14.4588428043953 14.3211808536534 14.2824461256373 14.1964679070796 14.0335750956862 13.873895499932 13.8217949432103 13.7600609607103 13.6760361564828 13.738214744727 13.7315378791512 13.835495300783 13.8131728481856 13.8513404480229 13.9717295654532 13.9174480415135 13.9994501067368 14.0742467532695 14.1597080891304 14.2522892587211 14.2319219947176 14.1364773898156 14.2252859621826 14.4016322002812 14.4510550454327 14.5820170703231 14.5923012093003 14.5791079617988 14.5637781292205
-9999 -9999 -9999 -9999 -9999 -9999 -9999 -9999 11.5639614274204 11.8373225456373 12.2254458079189 12.5687059726291 12.9096270789501 13.264651157094 13.5936102957662 13.9892884106903 14.3414414191157 14.5336760717155 14.6441145788141 14.6183537722044 14.6529570965671 14.5590136240096 14.4189276128556 14.2817157746977 14.2263995245291 14.126832624072 14.0225937988759 13.8957153927034 13.7700715022599 13.6648889921866 13.6712125643579 13.744634314713 13.7456999345588 13.7376494714574 13.7066584881836 13.8325146122538 13.9599455079986 13.9595116822799 13.9037601838412 14.1025275447835 14.2032581035951 14.1968936318473 14.1469005732638 14.1479871387961 14.3018061391292 14.4171402581463 14.5429397492454 14.5936222280493 14.5650744148286 14.4962576708693 14.557226299492
-9999 -9999 -9999 -9999 -9999 -9999 -9999 -9999 11.2054586410522 11.5611302791375 11.9140088396269 12.3035429460266 12.6269932855469 12.9811889121393 13.3177689459562 13.6239105211335 13.9593087329724 14.2319256900798 14.4150335071585 14.5262200846923 14.5267210572598 14.4252852427508 14.3140494486637 14.2134896666862 14.163307387208 14.0301180827217 13.9981618934209 13.894884509529 13.8023305913761 13.6508693958725 13.7084257624501 13.741237733933 13.7430829181516 13.7443122183101 13.7491500989825 13.7718798065831 13.9251925083418 13.9456666722238 13.9065083157366 14.1311667900401 14.1943522626306 14.1306161999838 14.1560584347961 14.1347571135307 14.2887811192818 14.4833505572361 14.5696529666887 14.5452638518154 14.5942487291549 14.5348226151778 14.6471422277903
-9999 -9999 -9999 -9999 -9999 -9999 -9999 -9999 -9999 11.3294897656795 11.5849536962217 11.9661570065726 12.3358672945084 12.6740659166687 12.9941678809088 13.3333816333691 13.6609210779293 13.9303741971807 14.1795042819415 14.3149871310754 14.310549133687 14.278628463204 14.2499298656789 14.1895675023416 14.0810598292317 13.9956999175367 13.9102496296691 13.8246506776756 13.7064612778277 13.6213028738322 13.6852966405361 13.6846738272448 13.7549443147386 13.7383464969798 13.819685359976 13.7813557943371 13.904280756553 13.92575204181 13.941516610499 14.1242931446118 14.1519980602111 14.1211600758809 14.2009353438013 14.2899040109503 14.4198880091073 14.4566974564126 14.4839060901754 14.516599058165 14.5372313389269 14.5480589497287 14.6653034617124
-9999 -9999 -9999 -9999 -9999 -9999 -9999 -9999 -9999 11.1053049758343 11.2585042576995 11.5876174778492 11.9845735514506 12.3603415357852 12.7036084357313 13.025566184475 13.3620031977157 13.6775795639062 13.9562639158453 14.0656535484955 14.1320979737083 14.1923325712533 14.1515907074955 14.1056775826668 13.9726776473866 13.8467427925131 13.8198231068986 13.7779677077422 13.6908442681671 13.6526503481747 13.7059024276226 13.7492201224615 13.7473022646289 13.7711851797256 13.84270206889 13.8063163089397 13.8937031001059 13.9413432264688 13.9116614960303 14.1172450045211 14.1395635669906 14.1898768998768 14.2819216669863 14.350780552426 14.343614760532 14.4476621003452 14.4496607346489 14.4201714615683 14.4671016228357 14.5451066079441 14.6787224207534
-9999 -9999 -9999 -9999 -9999 -9999 -9999 -9999 -9999 -9999 11.0569360571409 11.2166318815279 11.5984824296348 12.0206150909974 12.4204138717477 12.7601741627816 13.1242385986608 13.4981026288169 13.744782513822 13.8902803597449 14.0075563797021 14.0809623724354 14.0616273035285 13.9722872892078 13.9856887641501 13.9130123591821 13.7824702840344 13.764744536504 13.6932306763629 13.7367062492416 13.7344118232767 13.739309390476 13.7054593131371 13.7304379106368 13.7579418884311 13.8304333086611 13.9395394465063 13.8915271590015 14.0015810752283 14.0964192866759 14.1728991417713 14.2461890813666 14.3119304139693 14.3462872891281 14.2763023119208 14.3707057708163 14.4784859476033 14.4169534910012 14.4889234414293 14.642344518286 14.6917655310439
-9999 -9999 -9999 -9999 -9999 -9999 -9999 -9999 -9999 -9999 10.7192574892404 10.9435427204746 11.2026641053477 11.6458283834054 12.1136662526886 12.5265063527866 12.8530255210501 13.275414793553 13.5386048676399 13.7206648577868 13.8491082397247 13.9468105732166 13.94931616881 13.8948624302469 13.9058246692572 13.9653865028748 13.8718676662955 13.8238247097745 13.8266367824292 13.7946548159215 13.7097628664264 13.637946833407 13.6559742156627 13.6994616329048 13.7161194401466 13.8615903957896 13.9804703460327 13.9452280500434 14.0381938593247 13.9840406442552 14.0314623640132 14.1497536245677 14.2338263075585 14.3419555464085 14.3438898786333 14.3326345586505 14.4705505518138 14.4562751369438 14.5679946208946 14.632904690439 14.6370695784221
-9999 -9999 -9999 -9999 -9999 -9999 -9999 -9999 -9999 -9999 -9999 10.8028468567229 10.8747232921203 11.2461214367088 11.784237799797 12.2999308538285 12.7092324773464 13.0332398752675 13.3733548925904 13.6069975762284 13.6573176304813 13.7286418755879 13.8638329507759 13.8739803040741 13.8697777956502 13.9788935240849 13.9056235832692 13.8714725275309 13.8443739215942 13.8027871289316 13.7347704569997 13.7045210457346 13.6972026059331 13.7651496537656 13.7560653928568 13.8868953639845 13.9995514885693 14.0355611974041 14.0451459149467 13.9895784140225 14.0466639867501 14.0361489855658 14.1650947573209 14.2962074951703 14.3392373867362 14.3370345923638 14.4474632253279 14.4309287552624 14.5675682982886 14.5846981430779 14.5894784969046
-9999 -9999 -9999 -9999 -9999 -9999 -9999 -9999 -9999 -9999 -9999 -9999 10.6654588676932 10.9501717705652 11.4958963649656 12.0394921255903 12.5336907537793 12.8487528169319 13.1761623492571 13.4547355797928 13.4611296859324 13.4558306364072 13.6458460561708 13.7862403586438 13.8702923986817 13.9917071965423 14.0269532311055 13.9167440371159 13.9889154015166 14.0154814696728 13.9811391294578 13.9561303392294 13.9419622456708 13.9113703227661 13.897166461537 13.8870532296088 13.9656683599158 14.0693417385384 14.0912277669646 14.0307289518874 13.9650328633514 13.9968119522951 14.0834570818517 14.2707850621956 14.2858666030675 14.328377291424 14.4229156249767 14.4841046208531 14.6004723801662 14.5692115017979 14.6195764301334
