Climate_data/Aus_bio1_Equal_10km.asc
NCOLS 560 
NROWS 490 
XLLCORNER -2904860 
YLLCORNER -5334205 
CELLSIZE 10000 
NODATA_value -9999 
[rows 264 to 285 of 490, columns 306 to 356 of 560]
22.016718827898 21.9037289615743 21.804570974043 21.5903799521845 21.8943490248505 22.1164750485614 22.227701300809 22.2776982864553 22.3257400920716 22.3730389033808 22.4152112031821 22.4407033455917 22.4913282959558 22.5291876273351 22.5480538683004 22.5501762941942 22.5548964896685 22.5583772265302 22.5582623431853 22.5344342532954 22.5103694858467 22.437066405537 22.4627284108751 22.4551247198825 22.4330649527429 22.4293588748232 22.3939101446032 22.3594823250271 22.3067884443055 22.2303194068282 22.1824425761231 22.2551401921898 22.3053345525708 22.3855569970277 22.4356256108127 22.4075780773943 22.4105744568721 22.4186824009516 22.4182897389496 22.4244291316443 22.4325073265527 22.4216107016677 22.434628606732 22.4366489216273 22.4568171250975 22.4726547627616 22.4883109505966 22.5250198588923 22.4959136531519 22.5028406289393 22.495116036254
21.9400430856893 21.7920276172638 21.6405660922217 21.3688881019041 21.2973329160969 21.9859038135899 22.1045406818732 22.1715488192823 22.2384697596516 22.2103581841996 22.336921914628 22.403860072354 22.4470828292046 22.476942367661 22.4945545338886 22.4976266060956 22.5001579061657 22.5060314607124 22.5083950827618 22.4721527414634 22.431075952717 22.4235603800335 22.40235265154 22.3736914816853 22.3933636376255 22.4018056867912 22.3678987038663 22.3272147951603 22.2800730513529 22.1845935451019 22.2174565969093 22.2764382048296 22.3297684888023 22.3735409586786 22.3610546821302 22.3550829022804 22.3309307763757 22.3402435564553 22.3554365313814 22.3516307414658 22.36262875273 22.3694871567797 22.3652171077396 22.3775492658825 22.3948843039595 22.4052771831056 22.4335024444114 22.4549498287647 22.4414116159699 22.4929143295755 22.4653031468772
21.8592790520255 21.7080592579509 21.5195032871142 21.2710025118538 21.0608120719896 21.8232339248829 21.9988467209973 22.0742375048288 22.080675615237 22.1017668025574 22.222095418979 22.3022080110029 22.3872734262331 22.4355537085467 22.4407298684458 22.4450549247994 22.4469606444671 22.4511749160334 22.4489065108188 22.4304761579875 22.3750565223732 22.3479858989492 22.3537142339384 22.3364841980423 22.3392011158377 22.3344198878796 22.2950844869349 22.3013513470532 22.2570071139856 22.2253623727226 22.2483414119165 22.2879856270095 22.2957070531159 22.2759999839906 22.2710196482825 22.2856078506945 22.297890833083 22.2815151379478 22.2962297616952 22.3071344781558 22.3060931055023 22.3054128928267 22.3154032146282 22.3308713478811 22.3337028969753 22.3555689305569 22.3867674908867 22.3882663966592 22.423420993456 22.4438073111884 22.422218701763
21.7771755910641 21.6381936922816 21.4433521671176 21.2885374888726 21.321194095796 21.6892005527561 21.8064559648437 21.8950485240265 21.9461609706278 22.0210348399845 22.1421595292528 22.2383268195604 22.3330660466126 22.3795741126522 22.3870001367309 22.3931822373186 22.3979100776522 22.3975246201907 22.3765510920232 22.349287008672 22.3260761201325 22.3013917436284 22.28433220765 22.3213278640424 22.3262960952548 22.2907032083892 22.2393482294485 22.2390019866603 22.2313114969411 22.2459679401442 22.243568458145 22.2512424314298 22.2087585144995 22.2034947523741 22.1652266096176 22.1480222995455 22.2086196340284 22.2297228403803 22.2345267278439 22.2416901891238 22.2546142789983 22.2559188522372 22.2696039252554 22.2791940947053 22.2941769153978 22.3109588674743 22.3188943227816 22.3316066526616 22.3611421138711 22.3457064501691 22.3209820318921
21.6729277234066 21.5926381019647 21.4404388006862 21.4077319419333 21.2369976680961 21.4612734571957 21.6330078865561 21.7179407064261 21.8413135694868 21.9457068359674 22.0448822741054 22.1275579080753 22.2679365490711 22.323988194019 22.3333138876578 22.3334149808691 22.2999134680979 22.3356688324658 22.3491896617669 22.3182331025776 22.2738328076893 22.2443196700028 22.2202422049611 22.2380521105784 22.2329683747105 22.2486465519606 22.2332861843039 22.2259134357739 22.222771824355 22.2168558875717 22.1838643193837 22.151990916267 22.130539989311 22.1044117459747 22.1051859360337 22.1155996605172 22.1324064497824 22.1500397226769 22.1598727501226 22.1645011174074 22.1911776345678 22.1886927554951 22.2086655024463 22.2219853951244 22.2369490040298 22.2550223974676 22.242558350978 22.2771807421073 22.2951457965569 22.2635630275729 22.2315510012727
21.5838410699625 21.5512055636701 21.3918422024615 21.456258970242 21.4655798430414 21.506057114222 21.5966117767759 21.7098357018639 21.7982223265789 21.8456377441167 21.9581220647067 22.0504803718938 22.2081048383648 22.2627856639269 22.2760137117931 22.2485447800678 22.2224078217152 22.2895994914215 22.299805588615 22.2828448306467 22.2258821330184 22.190092257496 22.1960756352739 22.2002249080473 22.1980967091542 22.198728025205 22.1689649837705 22.1691172103244 22.161696226363 22.0797318167837 22.0486515898799 22.0574888899215 22.0631715351433 22.0228963275062 22.0275959979776 22.041112328669 22.0507526035233 22.0736879381486 22.0910753754738 22.1038567079026 22.1185108040378 22.1197787258466 22.1384946708015 22.1624018359714 22.1890385428633 22.1819304584152 22.1935067781919 22.2149550670504 22.2142779611086 22.189023032459 22.1437045058373
21.5251117979415 21.513492502191 21.4170286115779 21.4869273325846 21.5777256234216 21.5978430873191 21.6491042766314 21.6907472679192 21.7341073067297 21.8150629174064 21.8636310178236 21.9147965725712 22.1412838864736 22.2163661770728 22.2001629913865 22.1520689763908 22.1764696743576 22.1980676730861 22.2017906838301 22.2258909324043 22.2165983641606 22.1352881898576 22.1429170204375 22.1355244536969 22.1361708682896 22.1095453127813 22.0762863007274 22.0615705370614 22.0024103434041 21.8904718920976 21.8074783371322 21.9790849368277 22.0242284696837 21.9595583116326 21.9450433357119 21.9411961920023 21.9693430023189 21.9903778456486 22.0284032722252 22.0517577477708 22.0614164810955 22.0649334225734 22.0796031956882 22.1002137562214 22.1229472562237 22.1462346283743 22.1374202326011 22.1508119625748 22.0995628340549 22.0763179072767 22.0686034563862
21.5022920177879 21.4808040896721 21.4930536496291 21.5265818531727 21.5292498984971 21.5600914783008 21.6262467359646 21.6836798909557 21.634499648206 21.7352879634318 21.8668667739209 21.8892764942177 21.9735121927729 22.1480094247648 22.1177208545899 22.0146818510772 22.1058299859274 22.0802340916616 22.1307012197063 22.173084823171 22.1711137308069 22.1123739293883 22.0599180014106 22.0653923120697 22.0586525864882 22.0539795381743 21.9921600548683 21.948334096302 21.8341820646366 21.7134978066873 21.7308191309071 21.9102498603098 22.0328398940808 21.9865089825157 21.9091613758442 21.9293804736412 21.9262190004191 21.9506850831046 21.9726309999923 21.9694128428928 21.9826745703271 22.0041333759794 22.0072395419525 22.0311460643528 22.0543677872395 22.084504714384 22.0474864400515 22.0570160314392 22.0314665744788 22.0182462847144 21.9900887686668
21.419046796145 21.3652363034936 21.383733810836 21.3995786056955 21.385355211329 21.4935669262816 21.6044038098223 21.6655088757394 21.6149922285868 21.6761521156552 21.8141983372088 21.8133861628561 21.7960098347542 21.9566023710245 21.9733826092446 21.9322010255403 22.0386249684417 22.008010524961 22.0423208528685 22.0826985453613 22.0629573496351 22.067009304805 22.0545024705173 22.0098258800801 21.9843545596787 21.9589622295451 21.9140314927064 21.8628653873173 21.7286792154981 21.6968122521503 21.812460494955 21.8880920206966 21.9536025269246 21.9471653086252 21.8888804876291 21.8756849286548 21.8997848898786 21.9031862075364 21.8960511384019 21.9123655936576 21.9071167711763 21.9357741035728 21.9492404158333 21.9839424597539 21.9613966421255 21.9950011295776 21.9725705884206 21.965752432703 21.9588676980294 21.9457681882456 21.8948548766451
21.3131519492772 21.2663709061392 21.3200242678303 21.3292774980218 21.3872742418511 21.4677688831779 21.5745757142815 21.6317853444235 21.667433128775 21.7022443062201 21.7305491672854 21.7558294493303 21.8071176928726 21.8357715599493 21.8776527418317 21.8878033725754 21.9101904390443 21.908565102785 21.9585618143618 22.0049802401269 22.0057744798288 22.0038181646028 22.008816805746 21.9919673504134 21.9577509521182 21.8711851155098 21.8137528750433 21.6869103903715 21.6250621464673 21.6860910796854 21.7607969816479 21.7297939968055 21.8194886376621 21.7781268902008 21.8267853828055 21.8443227290111 21.810443102775 21.7770367968959 21.7607320995278 21.7793647143962 21.8331282068912 21.8595659619605 21.9046746154807 21.9012653537595 21.8887129129113 21.8919153593227 21.9053589917167 21.8974048742755 21.8893449102523 21.8493407200548 21.7835853033124
21.1856655348522 21.2158440997563 21.2364527189376 21.2819389385598 21.3229846109495 21.4359768662875 21.4865188737827 21.4878673244401 21.5520690145609 21.6270867932185 21.6857668805141 21.7352691463354 21.7819604747484 21.8030102487652 21.8589601438172 21.8839380823318 21.9108259869361 21.9111131273543 21.9527750226141 21.9924594351959 21.953478257301 21.9214048812566 21.8874457496921 21.8389097236563 21.8690702230088 21.7706846675898 21.7225769431737 21.5516768390355 21.5046371565221 21.5349981363336 21.6300699659405 21.5893059697626 21.6279972034704 21.6248248712939 21.7100647180897 21.7747867758185 21.8183248398544 21.7947513998378 21.8497162257686 21.7997937290873 21.720589835474 21.7885774722595 21.8422142459577 21.8341870150413 21.8131118902881 21.8199578796968 21.8277080275133 21.8159958136637 21.7992261236564 21.7683994894424 21.6945145096719
21.0876243749192 21.1049332081731 21.1296802049541 21.1578702629655 21.1815653376725 21.2609109699957 21.3263411534844 21.3833441926477 21.4852131178247 21.559326550295 21.6410038225027 21.6959322213643 21.749631729553 21.7876125526789 21.8401287849443 21.8913544292255 21.9165435211278 21.9290755702049 21.9339431476979 21.9147429628135 21.8952731914769 21.8234234546334 21.8049976582255 21.7380674264977 21.7517277707672 21.730140415267 21.6193096939591 21.568982731802 21.43793240435 21.4402462608873 21.4797418272371 21.4443239598292 21.4130209558854 21.4490985307933 21.5858191145441 21.5884953389808 21.6983708166503 21.7757487489008 21.7978606614943 21.8148836805168 21.7388037390219 21.743943496585 21.7684758444391 21.7750022363345 21.7461898279648 21.7465931072802 21.7673916457578 21.7509569377176 21.7093003729191 21.6305213941918 21.5781956174298
20.9444355896623 20.9688707223547 20.9741494493656 21.0828291728012 21.13661736383 21.1145134996437 21.1589542714011 21.2792832326319 21.4596098446741 21.4976828262991 21.5674412128024 21.6513861591178 21.6951496313762 21.7680533745562 21.7999299819184 21.8562939292356 21.8626052076908 21.8545396449558 21.8058476908772 21.8155641732407 21.7953676447833 21.7394033447155 21.7012515757625 21.6456035954488 21.6297716272219 21.5984770476866 21.5568768064505 21.4369591404973 21.3605203428138 21.3051164185629 21.2153954743779 21.2085495640125 21.2451380409311 21.3716421672175 21.4873201059044 21.3621626589894 21.5428166724762 21.6449417080608 21.7131454083459 21.7402982118316 21.7369507806364 21.6696864899001 21.7102513157765 21.7231823412389 21.6545527026183 21.6872081684982 21.6745366143629 21.6812930482556 21.5951237276528 21.5366081168043 21.464449735665
20.7220975584012 20.7495457698964 20.8008247602844 21.0401748337613 21.0967794483457 21.1907188067095 21.1749517013138 21.3048592383052 21.3171155318292 21.2237378260243 21.458113258669 21.5681045500869 21.6451021706633 21.6961145899151 21.706878701007 21.7532371599114 21.7665733402438 21.7110285167094 21.6758235991272 21.6133878712733 21.6640781074259 21.6089546352636 21.6078247319579 21.6137333243811 21.534616750231 21.5253090728849 21.490242212976 21.348970777091 21.2966272719931 21.1502994933079 21.037161396256 21.0331532862387 21.1525190673114 21.3036937054398 21.3599429898713 21.2713266600563 21.4098045211743 21.5127759019752 21.6044155801406 21.6489930711587 21.6677403417415 21.6675692245861 21.6503404908638 21.6478433465343 21.6171486747173 21.6203156586908 21.5850707860904 21.556008898881 21.5161911195496 21.4358808276372 21.3651014214254
20.5537072405897 20.5430608329466 20.7384310590407 20.8822783301283 20.865184881431 21.0501533001738 21.1699165216726 21.2110083910319 21.1310533972399 21.1391955863097 21.2128417107464 21.3990676383144 21.4484873161671 21.5501779752385 21.6033982636305 21.5584470612079 21.66404622064 21.5599162965073 21.5485847512801 21.4457041282933 21.5235174696907 21.4887962831874 21.4778882744912 21.5185417094339 21.473655559446 21.3862609082112 21.3669130866791 21.214413934768 21.145235446132 21.0761650807491 21.0625184330529 20.9164600458318 20.9568834509405 21.1449042546594 21.1719720166577 21.1374489958011 21.2092540531839 21.3622914313942 21.4406087332424 21.50638691882 21.5587932417192 21.5494733669848 21.5338045583644 21.5693176379933 21.5563196984794 21.5482653816075 21.475572003557 21.4300847210912 21.4016458065504 21.3363676038378 21.299790174673
20.4186469001435 20.4904856312024 20.671481207341 20.7193476196696 20.8197017326106 20.9924109374155 21.0498677326173 21.0311903553752 20.9401040200064 20.9273650865501 20.9697407517273 21.0661773641955 21.2785493019892 21.3863364278092 21.450935728216 21.4734094698715 21.5164731584845 21.4648820989729 21.382819340872 21.337307838216 21.4090914241582 21.3727485931183 21.3560259339718 21.4242765795945 21.3157057933293 21.1690413178844 21.2252646812994 21.0804756218714 20.9370259401499 20.8776834833387 20.8705954471307 20.9046333079 20.9415110255734 20.9126289653127 20.9588401439823 20.9635483145995 21.0759169870861 21.1803010905633 21.2268686877151 21.3076170753747 21.418581413933 21.5065115388512 21.5132708415925 21.5034549413399 21.4934197865038 21.424345071101 21.4094804018209 21.3602210181329 21.3200328530132 21.2644910718029 21.258660638228
20.3662260008264 20.4442837568075 20.4608924802216 20.5437263931963 20.743741548818 20.8264131472619 20.8588602296067 20.8201486423313 20.8725151368367 20.9149555350985 20.9053238591597 21.0163599228524 21.2109733951667 21.2871859669244 21.2982960537449 21.3445015927163 21.3742266395576 21.3510139296809 21.1172669124636 21.0701812536915 21.1720760315746 21.1055438938872 21.0288789730525 21.2323232943234 21.2338754952474 21.0832134471966 21.0807064886587 20.9853795370012 20.9024738569176 20.8665146754396 20.7911979224186 20.7623432042198 20.7616584413352 20.6715036641493 20.7251788064489 20.7871018769218 20.8756575760072 21.0028139054777 21.0254492086024 21.1667256619351 21.3155479010192 21.4197681601686 21.492925243824 21.4719646683402 21.4050354840068 21.3580809414575 21.3480154988922 21.3193729562728 21.2782816478867 21.2416372248679 21.2196684625638
20.4771048058643 20.5318507041218 20.4843361356591 20.4525999681824 20.6059087256413 20.7338864523247 20.7550464760659 20.6812003614051 20.7068060527021 20.7931018750713 20.8660300476948 20.8810926637666 20.8614794208198 21.049229119287 21.1523517333287 21.1014238652354 21.2248962550058 21.1575466698793 21.0429660673543 20.7698768668749 20.7362954858022 20.7751264312477 20.6199103080627 20.9990094963583 21.0996995178882 21.0390839405717 20.9996680699373 20.9410993150043 20.8797700884465 20.8324229136492 20.7438856119424 20.5811479985474 20.5539403382936 20.4763345960001 20.5688634407019 20.5345393560539 20.6458628441218 20.7794688860984 20.8816058866597 21.0461969278704 21.1854127942317 21.311284943538 21.4052394709228 21.4027201279553 21.3326587008176 21.3161814395065 21.236889493814 21.2133833983103 21.1858152745865 21.149292134751 21.1430832386936
20.4074117201941 20.479341184013 20.518405212253 20.5172625519121 20.5622690364586 20.6386336702709 20.6540097070534 20.6416578963211 20.5870354973062 20.6643388018331 20.6451866674679 20.6115932686831 20.638435874114 20.8009738553693 20.9034157945417 20.9189701617352 20.9938154604778 20.9505456856364 20.9130039456368 20.5426598653382 20.4496297829738 20.5815751860063 20.424061102483 20.728454844318 20.9687706889129 20.9272767608493 20.8367172553174 20.8046690563824 20.7778444150078 20.6966907477662 20.6177774209005 20.4513252628641 20.3083976843048 20.2650188352463 20.0226363148682 19.9190998430597 19.9159426431821 20.3153929669144 20.5945601295302 20.7985409569722 21.0143494519167 21.1571322361103 21.2857364347668 21.3423056771807 21.2540794503689 21.2037419168471 21.1610289704373 21.1559037669085 21.1186877604091 21.0913986423433 21.0879884520399
20.2278287169316 20.3371423787872 20.4143867823505 20.4876256550598 20.5328619765017 20.5514065781697 20.5987860568517 20.5682954069555 20.5084640574452 20.5206269699959 20.517299997528 20.5229789555532 20.5877795631614 20.7237268565283 20.7827177562694 20.8296761164245 20.9291721010827 20.9800860343697 20.9668240832639 20.779447889704 20.6116403146608 20.4403323749892 20.2776593916282 20.422918019462 20.7626207083047 20.8023150430283 20.7391855930688 20.6253288470709 20.5711412695617 20.507404951655 20.4415327797612 20.198743752196 20.0968413424284 19.9585181598584 19.5275338449257 19.197092792714 19.2642516606178 19.9697855381205 20.1728600171716 20.7227960240056 20.9311850133415 21.0666166096115 21.1895014821974 21.2141750647647 21.1744591963571 21.1604309165763 21.1285338517147 21.09420788831 21.0237811759114 21.0329507233424 21.0321650215713
20.1457782095571 20.2153775445538 20.3260017746136 20.4275106941895 20.486392250729 20.5430647362707 20.5549685520431 20.4526528504012 20.41092024322 20.425949046193 20.4283028459015 20.4864032852577 20.6039614330664 20.6514726475621 20.8056700348866 20.8438972275159 20.9836641746069 21.0150460871712 20.9357113714805 20.8439221330345 20.7485397495849 20.5459848953406 20.3562399755739 20.4991012400552 20.6191444351592 20.663575536565 20.6552637915942 20.5392978126257 20.4081818662306 20.2616434444881 20.2195204099222 19.9556761781604 19.8846525045379 19.6077295624628 18.9816130936597 18.192907521447 18.6523068917639 19.6223130156513 20.1310552561724 20.8312309442718 20.9205818794757 21.0077999329307 21.1349331924655 21.1491890582353 21.1126590708423 21.0953694170727 21.0404329987797 20.9877533399222 20.9483571534593 20.9742550005127 20.9720386226306
20.1405990867324 20.0733211533434 20.1941844458087 20.3202293152148 20.3664617776005 20.4551578227248 20.4883356838145 20.3932396171055 20.3260635251894 20.3573056095514 20.3488471806298 20.4380414311293 20.5767069256544 20.6206157718563 20.875198857304 21.0005911500348 21.010989975146 20.9727840267166 20.8678531710729 20.847856834717 20.7427514542265 20.5870605478553 20.4111458193078 20.5004321101868 20.5864304480369 20.5717724530633 20.5034529262051 20.3876875456729 20.1602356263286 20.0343312534736 19.8805137595611 19.4625707496253 19.1458605511114 18.7186741974373 18.4176722764525 17.5628883445529 18.7024586660514 20.1974899713796 20.6915079340744 20.8562003006872 20.9307787541936 21.0051832457216 21.0504749248076 21.0349529555602 21.0078500508761 20.9796698785624 20.9368038785305 20.8846130987011 20.8873917040513 20.8948305842395 20.8830955740606
