Climate_data/Aus_aridity_Equal_10km.asc
NCOLS 560 
NROWS 490 
XLLCORNER -2904860 
YLLCORNER -5334205 
CELLSIZE 10000 
NODATA_value -9999 
[rows 198 to 219 of 490, columns 153 to 203 of 560]
1550.43661296668 1559.35660216666 1516.93824760498 1473.05179066093 1434.49353010906 1415.82496383598 1427.90059036624 1429.24232612917 1427.3299399686 1406.93931833261 1373.24082282686 1335.62618804986 1316.78269392823 1295.18047550153 1282.28440157354 1285.72184156242 1294.73941879867 1258.47009683293 1219.58192854595 1205.41140619011 1199.15996938531 1188.67580383395 1177.44737610756 1170.96783860915 1165.88229180776 1164.60829808757 1171.80928223101 1197.70548248268 1205.81337751069 1200.79797416922 1209.66500462212 1181.64765799488 1158.81471708476 1161.42307120398 1171.34464588976 1175.5688369397 1183.71352303824 1182.83788011291 1188.63283793579 1189.55394449293 1195.7086319716 1180.21008597861 1177.01672876752 1162.35432949292 1175.61932937651 1160.94389073539 1145.97647104904 1149.00036866168 1162.71816691255 1163.46390229018 1157.83304329453
1569.97200626294 1540.26597137049 1493.73117524479 1441.49352790557 1444.92292290639 1406.9761203942 1382.80169415403 1403.01716339693 1419.19703745961 1392.98266103622 1359.56071578305 1323.27583131728 1331.7563470896 1294.59684132676 1284.4296488817 1278.20130509281 1276.03570454825 1234.25305347574 1207.90512702183 1195.84565561499 1186.2660983638 1171.32335688603 1162.83334775154 1155.99891930837 1152.8117315509 1145.30684080239 1153.37524814029 1173.46006086167 1194.39853540415 1204.79408603478 1189.84900163889 1159.50065244106 1140.30369664642 1147.97481773048 1175.74937656977 1168.05606238211 1171.89676833806 1170.7630242038 1179.99174653254 1162.68811566083 1166.56098110122 1155.18505234765 1145.81901350509 1138.70724059775 1133.77321917232 1133.39771907689 1143.10232381733 1152.30533074049 1162.51379248931 1167.23825941702 1166.45849809763
1531.43547079186 1499.70079155442 1479.30154450657 1437.58800395562 1443.24996026161 1394.15002584466 1368.10655528765 1385.73647270778 1408.36286931478 1384.32398083003 1335.97751028189 1309.77663708629 1311.3993383659 1327.33009671131 1305.76410317024 1281.91691768282 1258.42921636074 1229.1770279851 1197.3743974885 1187.58314307385 1180.42458579555 1163.81126892542 1150.48146619699 1144.01171703405 1137.90309790872 1131.80410411719 1133.8685191018 1147.34481401441 1163.77178734435 1180.96180812705 1189.49973221937 1158.50353084731 1129.45898295236 1120.63320180778 1134.34830595189 1140.44542721996 1148.00938493768 1143.21353717895 1161.48705436289 1146.9400612198 1126.77552712052 1120.2017920073 1115.76872380133 1125.53729098828 1131.67883804949 1136.55133454363 1137.47335093912 1141.89810171131 1138.61884237015 1143.70569893219 1154.78468003544
1517.42152686534 1467.06070686781 1444.86490958004 1452.49271795813 1428.84525626471 1373.44588816207 1354.5752624317 1365.52411238242 1384.50509916575 1383.48300427716 1330.81933471039 1311.66893556777 1300.03162599348 1329.62151833598 1337.98807784366 1274.24229451185 1267.96813287271 1270.46140503954 1207.31879923472 1177.48040762813 1170.55766119123 1156.63096681368 1146.76262446988 1132.93530856555 1122.57492578749 1114.64819588244 1114.10062894692 1134.33416474345 1156.08718909928 1178.7683022785 1174.45859077699 1152.67928091993 1133.28977757308 1106.66483715017 1106.09680623104 1109.17153534656 1117.36187666579 1123.17917700411 1142.5810683128 1123.1811589442 1105.57741355 1111.91708120652 1125.83347819438 1131.38140895438 1127.33194492058 1115.73996117177 1108.54414094112 1106.5012541928 1104.98423311592 1113.67990980785 1118.59564452579
1467.03814585505 1441.15535231478 1442.78449456921 1461.52091437015 1406.33826120788 1367.51592313704 1347.99966461993 1368.35439605467 1374.19405246487 1373.48897455505 1335.2478899142 1298.64043899333 1296.02838122112 1327.82945272018 1370.0749994462 1277.64702930729 1261.95617714433 1287.33079794161 1224.05799566667 1190.27644896466 1170.3838904967 1147.93459415332 1134.0602739167 1123.67656965687 1113.34050536742 1105.07646316175 1099.43801551778 1119.20063367205 1147.58252680554 1162.35001387857 1153.81248199107 1123.95391723489 1109.94442198488 1088.40118589954 1081.62909759457 1089.27918176577 1093.40368505183 1093.89540150505 1093.30003950022 1091.61711177961 1094.90779615403 1115.34579252237 1124.99664372037 1106.42252370247 1094.68801739196 1094.42165029556 1097.88437168602 1100.06134653809 1105.30642006256 1113.09505833833 1112.18603981855
1450.46956174119 1427.45402126961 1432.67126982523 1430.95334733002 1401.22996490516 1363.69316129412 1341.93358763855 1360.64611398738 1363.86955292667 1389.23807817464 1348.08734676147 1302.40367655557 1285.88041782249 1309.91965089059 1338.45315181494 1287.89267874669 1269.77558016252 1284.68285206499 1227.04355196355 1186.62441484148 1169.577836781 1146.46733074285 1131.90410546174 1117.53923056053 1106.34664965512 1097.68614665417 1093.76066038246 1094.08822028637 1127.31670825006 1146.60891387031 1134.75765001759 1109.81926072641 1086.59524538503 1073.11658714847 1079.21857109779 1105.96091715463 1095.88459197896 1086.02531587724 1088.15670139703 1092.40135035111 1079.21941191714 1077.55548799786 1074.78296339331 1087.01789721713 1101.72383194702 1103.96649681273 1105.0110615943 1101.86565707064 1101.1440026077 1103.43082566917 1109.1954297915
1446.21281125433 1432.67511335637 1426.04809478062 1414.12322963002 1375.0801865915 1360.97494751799 1335.84617728575 1328.65314176637 1350.18061346572 1387.88794404606 1371.87376000877 1325.68170934977 1283.88398511822 1278.75353963073 1310.32922944844 1277.8622610879 1257.575752586 1273.27750118418 1211.11332511327 1181.26857905446 1165.23783571907 1147.82846573309 1135.38984839585 1122.59993734314 1110.32265867398 1101.36187149655 1093.98856749992 1084.69338753067 1087.99328183688 1102.36958654556 1091.82705101725 1081.10129213056 1070.80059122199 1081.93782768748 1079.03314217956 1086.01552210739 1114.17012889466 1099.99920573901 1105.07790802376 1113.10708020788 1098.39849513836 1087.56503217137 1064.4226196771 1069.76714124142 1081.23748454719 1086.9447226151 1083.97337871184 1095.38137205626 1093.27774216283 1083.22803001812 1089.33968603945
1451.19849716372 1443.0758689686 1429.18667157794 1384.42905510655 1361.46657720875 1362.2098683124 1331.9502982614 1313.62978752326 1318.36567247497 1345.62632277675 1365.09680404372 1363.00717438364 1303.24448131611 1267.10538802056 1289.4383183835 1265.73795482447 1240.93624654128 1232.70485481364 1198.80850147132 1169.99701025737 1173.96050829293 1152.40421939272 1133.5630994501 1124.51037381642 1113.9536970918 1100.21628124737 1092.81610784479 1077.29487290092 1070.10096370827 1068.64323737959 1063.72303269147 1058.56745424588 1066.18013010881 1091.90115367144 1101.93081292426 1072.38717840796 1085.95857055629 1088.83762586448 1093.94217330446 1100.66825710159 1107.91529933878 1090.54329048954 1074.07800776861 1060.8358428255 1049.78287660618 1050.39472644445 1061.89987222806 1069.44258844554 1069.45532294029 1063.54819945583 1057.42877467464
1445.52237687908 1441.12459982905 1414.32644930073 1388.29412447807 1372.05528091039 1348.82347033823 1321.183849681 1309.27031683281 1309.71743108806 1318.91693900081 1333.96172310856 1359.57390228505 1312.90080682288 1267.94770914186 1242.11193921311 1227.36929353033 1223.75660222665 1233.19764533484 1214.43211442908 1182.98711638462 1182.68613965714 1161.83328098149 1139.70500106104 1122.84205026423 1111.60497802608 1104.29073145473 1090.82607941033 1081.39998869624 1072.02494466929 1061.86427642661 1053.99898679337 1056.77528499256 1078.09668412036 1101.56146091155 1101.68270080411 1079.32836374871 1072.9122263951 1089.77821525203 1094.16343543527 1095.07178092142 1097.43556902673 1089.60406111394 1085.60620800523 1062.62865103103 1063.65627144891 1058.89233817885 1039.35245676817 1047.69614190355 1040.61781981614 1047.22101188613 1067.37285772265
1422.38566582142 1434.12361811117 1411.51592242591 1382.02608017857 1371.76678171763 1339.70303762873 1317.0811535312 1303.10178839336 1315.44118517504 1326.67855673759 1331.19268075745 1331.03928342596 1287.05046309469 1270.30656427281 1249.92662716419 1216.19699518244 1190.91700533995 1191.91768990853 1201.51289040901 1192.07983063237 1177.38362616672 1157.58264644084 1148.74594285913 1124.94059835752 1114.14505481677 1102.05988124434 1092.85403241863 1086.20441541588 1075.64234394686 1059.26411409772 1056.16383923634 1062.11978904852 1085.94178648729 1088.12479060595 1091.6683376989 1087.93436860357 1059.4934418458 1061.69957602853 1069.13028896545 1069.01551177859 1072.9042932257 1074.00929768008 1076.85542348726 1072.68877871329 1062.90259595751 1047.12986728808 1042.83537595731 1054.44865650866 1049.642761138 1057.95757880667 1053.32245771203
1392.97636941294 1414.52150648527 1402.26107923245 1387.28055324663 1383.87800618132 1351.48869297983 1321.83084660141 1314.39096974896 1319.47814069556 1322.63633977486 1301.86696957865 1282.2574189965 1256.78026491674 1218.82767172257 1224.94298300851 1233.76953421094 1192.6491524299 1161.80366664288 1152.40623928257 1161.33228055535 1171.18241954112 1175.77394625196 1154.39995470525 1141.67680774082 1122.00101248108 1100.9303046653 1098.42108031201 1091.16524585197 1070.98864651916 1054.11602120109 1046.06264821168 1050.08409497246 1049.90817696442 1056.40225774107 1077.44205318386 1083.12881911298 1071.36346182726 1065.38489586501 1069.95279968565 1070.51995962511 1069.31568730098 1074.21683843524 1076.89181403022 1074.90691656773 1070.59119159709 1045.53581724852 1034.06307914151 1050.70536487836 1047.34140982219 1052.87742752814 1051.07443274934
1365.35751006944 1381.00944017895 1385.61819758809 1386.90405467243 1368.31404400328 1341.7267439153 1320.12464499838 1318.06266035722 1321.49203644993 1297.47919757625 1273.61707064928 1244.77806270367 1239.63256776039 1216.35812187693 1193.6352975812 1195.59153477739 1171.86687443472 1153.01088801297 1134.95252584294 1152.97940398649 1218.70444517999 1190.16491699289 1177.97891223611 1138.74289362153 1114.74998461892 1115.30113378941 1107.2068298994 1087.71214584914 1063.2968378599 1047.78766283512 1051.39969635879 1053.68786179452 1054.0534370291 1041.01958062886 1050.24559182779 1074.55913847136 1062.58232880753 1064.67556626563 1069.53525588566 1064.78519495605 1064.1315221183 1063.4922043632 1065.96316498883 1068.16435425822 1063.22909981456 1042.42889546208 1041.16619877939 1046.61444051316 1048.65023923557 1043.94936332705 1041.82755390585
1334.58328130278 1347.94695405074 1367.10692598322 1369.09462947128 1384.23432465248 1358.91895679542 1320.73417071864 1319.43164308897 1302.15006988735 1289.57797340147 1261.08491759103 1239.46614377891 1244.71280608479 1222.41034835657 1195.81895577044 1189.96653666672 1165.54482199884 1129.35751537317 1121.02347447581 1124.06393590006 1152.88154562565 1163.07394664001 1149.02988668346 1119.3149575239 1087.45814075745 1079.06058502538 1079.72589138892 1063.48612121166 1051.89651671728 1057.38504223279 1039.66797500964 1053.27456541496 1074.47037114115 1066.95889144315 1037.3134993269 1032.20889958957 1054.56792380341 1056.49859063526 1061.58910360638 1053.79509424626 1048.70566391666 1046.2382373887 1056.1561426445 1063.23360951939 1050.55672333268 1039.36937692216 1044.03459882229 1040.05753373719 1037.46213230834 1034.62501983237 1033.82712595867
1314.8929817209 1325.52042862501 1329.19731499914 1345.32913089831 1367.03683952033 1358.93109101553 1340.04006930198 1328.55464769926 1323.61580457616 1278.4171813266 1251.21344906476 1253.9572531397 1263.50191639957 1237.30931125479 1209.25352161645 1188.12897567886 1167.05409069271 1127.55872608666 1110.63093224411 1106.34796323974 1103.10134503213 1097.23739516734 1084.36055159199 1070.79415755715 1065.70050542565 1059.04085677348 1053.09351511768 1044.28863432821 1044.9250188383 1056.91551363304 1039.33692264467 1037.29241166051 1046.89404270431 1074.05960156769 1062.86125975969 1036.93516825846 1031.97064476447 1048.10439847218 1039.79861018899 1039.544910677 1042.69854425783 1045.66820393136 1043.59238262314 1049.29658904091 1040.47164231444 1038.78709826525 1037.1121808617 1031.32401713131 1037.52277969024 1039.08057968356 1034.93529544909
1306.83721813913 1309.45741853954 1313.35326517339 1322.48222483131 1345.52401026389 1370.64124644213 1391.09612202124 1359.52957793335 1337.24067748352 1284.1472052754 1274.45359008567 1273.83921533473 1266.88636048829 1236.67775151517 1203.64920419536 1194.47970073815 1159.94184220484 1130.50250072815 1109.29181340826 1099.96300273323 1089.59207059815 1076.37750822314 1061.41784257393 1054.22647301783 1048.12023837493 1041.23550143706 1038.40201768787 1029.94220489581 1036.52301210553 1038.61312926576 1029.93704026477 1019.27031213228 1020.05314508619 1031.31652680688 1058.04620896021 1051.51290777603 1032.05896711552 1019.62046459542 1035.59281426952 1035.67101179001 1039.13504738349 1031.25032720325 1037.24815304511 1039.72520592607 1043.23931942232 1029.85731642204 1025.4011665681 1029.05465678079 1028.33314190379 1027.83380476393 1024.93066270566
1311.89950657816 1322.51217167341 1318.25771849051 1317.4775663618 1337.21562136257 1382.60393679007 1369.10730382264 1326.09205965949 1313.83321162586 1316.4450972787 1272.43761244167 1262.60229258076 1245.38782101621 1214.69477766814 1205.83860826767 1182.5620677512 1146.59416469792 1125.61626915147 1107.8091510934 1110.53822902289 1083.77336604083 1070.93162451518 1053.83445205756 1037.78469972113 1028.65868981631 1023.70789571593 1033.08337061083 1020.87632707887 1016.7568343056 1033.58916154457 1050.0028060589 1036.40876314282 1034.79082139755 997.193195423272 1007.86049318634 1023.86609914037 1042.27673001352 1031.91367719388 1017.78061458564 1021.94600034161 1022.28776384793 1031.8041347627 1027.15365707601 1029.80679112549 1031.35873825679 1029.99299154052 1018.31067442663 1014.27194692385 1017.64654986334 1021.46501583309 1012.40442032586
1317.55773505801 1333.98812807574 1335.19849460543 1318.92904417644 1335.35919735199 1359.4628642224 1357.63596752898 1320.45126839072 1326.13674911796 1286.57552476779 1258.25663156675 1234.98231682994 1203.83856578052 1186.50899664588 1166.50755848308 1154.49916500663 1140.7237351688 1120.14873497919 1108.90007347568 1127.47876965309 1083.57903858164 1059.4590757378 1042.06815645833 1030.02832520854 1019.26652970635 1013.53411325979 1026.68322642738 1022.59633393019 1012.46428626986 1032.64787228874 1050.35374546006 1028.99962076165 1030.5056750944 991.510676598491 996.425584037829 1004.13779240822 1030.76461150364 1033.91783182546 1018.33839911972 1015.73207555904 1021.55895325213 1020.93157090446 1016.69475545546 1018.96915220732 1018.13683648203 1014.6354207446 1007.51710402135 1012.11027751397 1018.03278930373 1009.28899064596 1005.36798295931
1328.19227497139 1347.08176726595 1336.29244480639 1329.68294929765 1335.92878430235 1380.05489327865 1369.64003790146 1347.62021071264 1311.84828004196 1273.03247304172 1258.34417589731 1247.30826649559 1221.35049401127 1204.97447423161 1169.37247161675 1150.16545398494 1143.61282697828 1119.80808541336 1100.45354050583 1100.82250463344 1090.96591427365 1057.32657865704 1036.59663205909 1018.76570277478 1011.87638940499 1008.2350761966 1013.2440232659 1022.53714156829 1018.36447361999 1029.8836014542 1036.97602324901 1037.51665389139 1026.63886186262 1009.85872825244 1009.82678498891 1018.32890375945 1023.79421767715 1024.33910057354 1020.82506163785 1011.79069024968 1009.67598211686 1007.74618271142 1009.19116131463 1007.59899148484 1009.55209279896 999.144391269862 998.771212866901 1008.13486584114 1003.04607252541 1000.75570886494 1009.72068026903
1338.56386610125 1338.51742408444 1353.91442644127 1348.08643667382 1347.4327278577 1392.91356737026 1355.47786900145 1344.39979225401 1324.59447864881 1290.61542069023 1262.37025748394 1248.43894180221 1219.53500585383 1187.08353903875 1171.35353223497 1156.25042204121 1142.31706614581 1138.68797529543 1116.26386723853 1089.15173024957 1105.91711641136 1058.73377268032 1041.87953777996 1022.71180807018 1006.50924053614 1004.44876905287 1011.01201179788 1008.0894283951 1011.00159002885 1040.0037064692 1049.57935711062 1036.26658914873 1028.67976213194 1015.57319484729 1014.08441262293 1004.68745494107 999.180354428474 1005.52836079463 1016.08475227352 1011.24189648328 1007.91035764707 1004.64887462795 1003.33020799839 1000.073753605 995.477363540804 986.566155070779 990.783266625968 1002.93279751039 995.995951414298 996.88423315807 999.13210928086
1349.02400917611 1351.35310904048 1372.11226041008 1373.79587279449 1382.93607919814 1378.44601461799 1340.85288006496 1335.74055892928 1302.723789432 1293.10731824979 1268.80880999518 1236.41956717057 1202.51397906309 1187.150573171 1198.06393990462 1173.28873643111 1138.95177744674 1131.41943818228 1110.29928126957 1088.55187256678 1071.32188166983 1071.26988411546 1043.0861688444 1028.16952565367 1008.92146244047 997.916224486747 999.309456442656 991.742260706964 1001.51694802573 1013.10162279309 1016.96226990504 1018.47098265576 1032.35946128763 1024.07378906944 1023.05222999428 1014.30414095372 1007.63377705824 1005.37036512848 1007.05899839625 1009.46782497545 1003.63109744016 1004.50802794148 1006.18921056006 1001.51296358043 995.552623665073 983.293648426117 991.963182721378 993.825488271043 987.578483031705 983.578716593586 993.461484160703
1371.12324924699 1370.72166507636 1365.35144963988 1344.97238987332 1346.42618022209 1376.90805332716 1321.30517115277 1293.11149093064 1277.07524270008 1261.36297436715 1242.24629709872 1226.19258294459 1197.49374322142 1185.68879700631 1202.38061868232 1183.23505071741 1146.5372049897 1128.56547020393 1106.7215568667 1082.8677315136 1084.4947966404 1125.550276093 1051.18714099952 1036.4840899184 1021.669797979 1013.75728229345 994.20576580044 983.239027947646 988.833337257828 1009.5977939178 1030.16507611365 1030.06851752143 1018.00141804194 1016.64380735596 1009.81402653538 999.777285617277 1000.71806855787 1003.08600998116 1002.89920710241 1000.80122261483 995.239010750416 993.123414704495 994.348459756545 996.454718178862 983.148143509194 973.393678200199 984.942909673144 982.394837039655 977.784435737099 981.718881137157 992.602022133896
1355.15221864474 1346.72289557671 1357.37905448298 1327.97685711717 1317.33332690329 1309.2838824202 1282.96209201263 1259.94646788927 1248.86761524827 1234.94877660191 1225.76382295026 1234.5544711041 1217.68482574017 1199.69504530233 1208.95843376595 1177.66192097013 1158.48994895835 1124.46707836163 1112.56745760503 1112.16024020506 1101.0036178497 1088.36280152005 1064.14608124251 1046.56402785225 1037.42924622706 1013.17761056933 991.266716233776 981.306680344569 980.278072083635 983.009693865349 994.207828357636 998.533029722548 991.947398025181 990.627628590084 988.207297370807 987.679878432137 997.433502707632 997.821186245034 990.975591220602 987.783031031469 983.008076502519 994.657055906192 990.525164268553 977.96751198763 972.510925111373 969.939066377844 968.142334002031 964.243174370846 970.365257609333 975.149521125457 981.788384723595
