Climate_data/Aus_bio12_Equal_10km.asc
NCOLS 560 
NROWS 490 
XLLCORNER -2904860 
YLLCORNER -5334205 
CELLSIZE 10000 
NODATA_value -9999 
[rows 198 to 219 of 490, columns 357 to 407 of 560]
306.788650947285 306.342523426854 311.212281147753 320.774344902418 330.323764574525 336.84151035179 345.294492966298 348.072822916098 343.905956437507 339.728169273034 338.357991482185 348.344296450172 357.316537905616 368.966633329033 385.347099809897 396.346869351071 404.844315060382 397.156425339361 388.103117733023 380.89038713009 383.066942111989 386.435041065255 388.856923611486 396.328900174777 406.546551109124 416.604023001228 416.316293990382 411.453198029302 410.752948484189 406.075192267741 400.61773836716 397.047061291756 397.632943320896 396.511235610616 397.233311263167 399.320317687622 403.896060223981 410.892741317612 417.654103269125 425.189716006025 427.580813720335 426.297645324506 425.681030977048 434.524809855433 440.215211011541 444.94007318484 447.420431896985 446.717834823725 445.778926181439 448.095160529272 451.55736856961
296.602535922629 299.796744178346 306.257443857912 313.088036208889 322.293152526709 334.43287568529 339.019543669041 339.282043914506 340.995555471716 335.855585420254 333.667676178412 342.485783011333 353.852006294785 362.906971452404 372.88358701328 385.595916296981 391.378881262632 388.166129047625 377.721246672825 371.319030727583 370.710778182804 373.991846586134 381.106093268802 391.06565907314 405.061819106 415.753800560371 417.180055086329 410.402366799203 406.502012607258 400.966994180381 395.71543665389 389.512320248545 385.183833297354 389.923714945161 393.623657077004 395.581201352418 397.516452804453 404.553021375807 408.105843631145 414.27163025753 419.339473157785 419.584600432558 423.035435151581 433.934353557459 442.697921065088 449.168898689949 449.817886184412 446.556807345214 443.628527269496 443.478835305215 447.884362395144
288.965501583568 294.062604064558 299.82821831752 308.778575365213 320.742901568959 330.397381753073 336.162622149053 330.899225560405 331.953573087045 333.2740638585 332.196221885351 333.493035412216 342.626962487955 350.926680702478 360.99271347477 368.878730209847 378.373931609275 376.522056844852 364.322583626509 362.819446408084 363.581214653314 365.273518557877 372.303132535976 383.7906450727 396.388770788845 409.272068292988 411.869395478841 411.609036359947 409.834963455564 405.357529430217 399.202457431694 393.297899158027 387.234513070504 389.40789225426 391.018713594549 391.89393548806 395.182539822224 401.933349339264 403.461539481158 407.103326340142 411.384384637761 414.990743598644 420.754305680409 431.531551743202 441.990021893651 449.34727548841 451.257769741075 445.954662814496 442.22350799052 439.123060009674 446.297396098113
281.34578813174 286.415899475729 293.86651387527 303.521332755919 314.681518779978 323.297662836094 329.598283320166 321.128351382002 324.771966091332 324.544213652043 332.067220304912 334.419834330102 334.037734250026 340.21775901141 347.890185108241 354.599846882135 364.52810057549 363.511653763511 353.528455205065 354.785189851563 357.329187003422 360.18470270445 364.613827353914 377.141867112177 390.468207208255 402.378893875049 408.880947209749 408.742014181637 406.378835056293 402.341634004057 397.525359932647 396.094885171948 398.746057872668 397.962243885824 395.0692125569 393.416647025895 395.92389034242 399.478164977471 403.341882448109 405.885063737858 409.342146242301 419.15418427246 421.222477792325 428.137682962218 436.347941240306 442.202098529442 445.238663827452 443.449487216986 440.536493924839 437.225614195468 444.122197622102
273.486058309868 280.043995765755 287.997733129805 296.979181358867 304.73456310307 315.335896404921 319.165235060983 313.277490161399 313.911896166347 316.247705201564 322.339028923367 326.807638693072 330.61800611147 329.476621404073 335.142348026862 341.124199828276 348.261660667391 349.710596611095 348.674102737847 353.306631282552 350.936817586226 359.924456021252 363.715377415756 375.079426312239 385.785431422384 397.911437897415 410.19248469997 413.742358786006 405.177904607039 401.517538017914 399.905012484249 401.83727949913 404.81459747314 401.389703428749 402.581421341674 399.151510052605 399.420279788875 400.116529903897 401.958311670339 410.653105931227 412.922354161051 416.588032058392 419.143622078578 424.136773689338 430.171038863429 436.191573469832 440.180013283584 440.352692636283 439.260807661299 436.438011720668 438.306900082298
265.462678609914 271.568826316968 280.452501761399 289.975478767433 299.566335719663 309.831144573295 309.596243067835 307.794221790263 308.254337958744 308.737512117379 311.719793807577 316.169956862985 321.547738673149 322.926773628177 323.499414067182 329.003442959078 330.874025471958 336.147208767634 341.043343365446 338.631923801418 347.829049908481 357.778252634491 363.622890267856 373.311974230661 384.934045900341 396.60715338181 407.036042929295 414.896897362644 405.512461684128 400.473011375658 399.286797740859 403.887396595523 402.514083406176 401.856926415537 404.697325235146 400.566116542959 396.031587334194 397.194705970285 400.193079865746 407.498153505423 416.283598063884 420.996063127136 420.481746032093 421.9071811983 426.742257552684 433.487929168811 438.040653967329 440.353396417828 441.137129999342 438.830467818584 432.353296180336
257.508801390952 265.43473757694 274.836243463927 285.292218957141 294.058149893206 303.54505171531 306.656168860863 304.648547391812 301.666626100709 302.601331499977 302.816837998929 304.954562004017 310.197880193255 313.290338048536 314.012539117258 317.226171069881 320.512887192468 326.415991759455 330.898360285982 333.433395626262 349.416077842855 353.407902827318 358.075749037089 368.929993588375 384.865950164272 396.373645552922 405.904753874732 412.989903007992 407.575135694484 400.570108848865 397.643853560799 399.393059689724 400.588292175753 400.425326887119 402.579684149283 401.327056511583 397.512821712893 398.997932805331 402.006563859392 408.162543021952 416.02118282083 420.190258629984 424.324769393998 427.69234510052 431.159758229923 434.792052910287 438.94646114377 443.908511587334 443.787157087013 438.2371436567 427.349975940806
252.52442863964 260.374864516719 271.805948892725 284.300282613113 283.48328097504 288.724265483944 298.481542329902 300.072904424124 299.395713891646 302.321943244873 298.03419073509 296.331941453973 299.930280040015 301.310493926981 304.793930501301 308.908019501906 316.56108067517 315.700015480576 320.673884480709 333.613545023686 348.259657780506 349.547663270421 353.511527437609 363.19337534002 382.137486671777 396.479088900825 411.389550616375 414.721940753533 403.381334435646 395.182921244251 394.980874369614 396.203085608022 400.200986754823 402.165145879348 404.611811728793 403.415302284801 400.053004041199 398.430741522534 398.157150963925 404.436153250165 410.737797233892 415.046021213814 421.898113611235 430.806886467269 436.031374232657 436.672077427838 440.969657872476 446.306365540604 446.750279222673 439.999507990147 430.335661492672
249.771094262605 259.166371770457 272.256385252142 275.217867016773 273.915133170176 278.73509777031 292.339795903694 297.477267174686 298.064311368923 293.660815379595 288.783572043273 290.008801690453 292.472156470717 294.324675123303 298.180294524292 301.164335786538 306.156956969087 310.645509013559 316.092039345763 333.924917881721 345.176030412029 348.57845514309 353.249306306441 365.140989882912 382.641994336662 398.198760329819 413.35827259478 406.887762062831 397.592336936662 391.363541470074 388.825197852976 393.99810036032 397.296997897003 407.629165873023 409.525005527268 408.179678411593 408.30745811752 405.519512406001 399.066143786393 397.837057411952 405.708840953404 411.613406544485 420.400679576834 425.780274945128 434.092486649806 435.422471091005 442.098383812376 444.438372233604 444.498344378614 437.47470613339 435.312901646286
247.007381408734 258.8684029127 267.504307225103 265.399248660699 267.100782858595 271.652820986446 280.209762294097 287.629896278085 288.643638506365 284.583148916415 283.346954260505 284.101758707813 287.308465955842 291.6740678958 294.022193970907 296.590566428484 300.465372298509 308.609563718138 317.554035031212 333.485244742251 341.420139729214 347.712238054066 355.48709777814 369.100973368611 384.642064175642 397.737340457783 397.17236488503 399.246854594178 399.707926041335 392.520226349647 386.463418475384 389.340259067803 396.219677410057 410.410643806989 415.158378046525 414.339889992839 413.04885831339 411.502467659713 405.639366014768 400.565953745128 405.64905112492 410.931760822093 415.590787782431 419.93105416172 429.670356263517 434.848902560235 441.982564265998 447.443659688676 444.795633055246 436.355786486213 438.648101082355
244.721107827613 255.124659115833 262.054468387851 262.085409075843 262.31500781277 265.570553009049 270.518384733811 277.247187751051 278.661259643791 277.054082918895 277.447224873833 278.84605381738 282.014516772481 285.977928356349 289.372393123036 293.098028790435 299.759648345319 308.859351659401 316.999494244325 327.030911964926 335.337708313804 350.641851367818 356.498891329505 369.100353569765 387.767416505372 388.703912771255 393.351396823701 396.562136404053 390.978702553569 388.868170418433 386.658507287143 388.183460627442 395.153241091528 408.796280431706 414.630743904814 413.93135464958 414.727999605229 413.873759027538 408.91617968193 405.605982714464 405.911515334771 407.268748264392 409.344593902686 414.052462188703 421.985518307004 433.249770454225 442.954573230158 451.911732607605 447.411565693355 438.713101587833 439.464996528637
243.482924963779 252.328146817012 257.625719470439 259.578723835766 261.744393220481 261.835298926775 266.107901618329 273.211042914174 271.093845299988 271.617223224737 272.657971798648 276.528526357631 284.889339903784 286.816694493094 289.982160071493 292.271957380414 299.124817494135 312.569498317668 312.318838933679 318.909134749934 330.053518863759 345.603287740395 351.483553400694 361.018348917723 378.506410125375 385.844895785968 393.678961760078 390.802047661592 384.696884987296 383.961640590238 387.852475373803 387.188121338332 393.057197431473 404.973280765934 412.616165000132 413.538992209747 416.639230962046 415.254970988472 411.561045888965 409.03820274738 411.477672739765 412.201793941051 410.211660296178 412.754116567318 420.922996801923 430.976680916264 441.963615265017 451.600028475465 446.524891730395 439.860567668721 442.369662217651
244.057738159687 251.297815352351 253.496762988362 256.368356230371 256.765653594516 257.369515985399 261.349686949147 268.017525273171 266.867393092857 267.408189800991 271.651957959246 279.673298541989 283.801953462721 288.905095832245 289.920845121561 293.253609359793 299.892081762523 306.821052031103 306.245423038286 311.289413962495 324.048917173002 340.246382338024 346.179839278295 350.486564395522 362.747121817915 377.111908075075 386.713781812756 390.660693473687 382.172313160977 379.028202132978 383.041936795342 386.194747787786 389.890148896991 400.854520467625 408.860979978095 413.14899111974 419.362233176282 420.305583406061 415.1874778499 416.226139067158 417.382159367526 418.027390684986 414.583779191616 414.49616929951 424.292212161126 431.722808504318 439.041488107568 444.384838529443 441.951268990721 437.684958859004 441.651711867699
244.10114566098 247.645743161475 250.045831691423 251.780371595821 255.241257479481 254.72883606553 256.265917807792 259.4237291326 261.24729582117 264.394237426443 268.812601058787 273.851009101725 279.216085351333 285.938669122893 291.489196452777 294.869476614802 302.135202510728 301.673563425035 300.672345566204 304.594850196544 315.77482078174 331.725338603184 338.546366444581 336.555009444221 346.580723694255 359.469518270213 370.286357364418 375.760146021539 374.638800091503 373.937273846336 377.610527954784 385.243161635263 385.987945831701 394.536356746937 405.262098960385 415.216857560714 423.856186199021 426.062527997818 419.687905178914 419.766831425117 421.803685886397 420.215407853175 419.357182354281 416.317645041615 422.161258402176 431.569862407136 436.744753649677 439.200013462981 437.322110743554 435.424359078469 438.379501247476
244.557080702242 246.59016407219 248.082328974835 248.063979339967 251.951366491438 251.733978974399 252.791282233102 255.292072170412 263.127132699911 264.793426919606 265.6793775654 270.934478093022 277.325528312349 282.149266814608 285.338144199079 288.316748597968 293.043347849384 295.413636379017 293.997238230133 299.941088790869 310.655025575697 322.31271441657 333.237860598123 327.711070703052 328.540887772043 342.471685752671 355.656408953976 365.521556702808 368.186352827914 370.818956528492 370.636230628467 379.621903016743 387.484061195986 391.46341040717 406.911516063148 415.434764695325 420.972809758164 423.977397853913 422.152352511145 422.360728903335 424.61161448385 422.128910184739 420.559798703032 417.085544340184 419.498766701971 429.632578529232 436.528074582178 437.541794230576 435.592847398141 434.397244091394 441.538190911653
242.573218234065 242.890414830752 245.553255762094 247.723094474528 250.141905820773 249.416476292441 251.996740931962 256.36146476705 258.555399838124 261.794608353026 268.280708152365 272.907665999618 277.457322687239 277.093058202411 276.94248422251 280.558300664307 285.753908415592 292.366667658766 290.475734595674 295.879524251103 308.083660888329 319.095776333984 326.760022735726 319.652575464218 314.556194240839 329.681475821198 343.407149405162 354.213472237533 361.026664471964 368.265997761255 365.320194954734 372.736915356626 380.39001574689 388.605301893245 401.422523286465 410.666606498444 419.421689707763 426.054325051456 422.574634043334 418.32552351694 418.063001606654 417.291841771475 417.270539506655 415.440126012055 415.98691585558 425.709913122157 437.55439609374 441.537572950625 439.503842195671 435.257172968441 443.512958831418
239.513753682308 239.742388185297 242.177612889994 243.627275469445 244.856755740685 249.647438905739 252.126233278834 257.09102275925 262.778819560778 264.037842917418 264.531688438874 266.798113784648 272.690143041859 272.561548060832 274.713573932584 278.310049742075 282.815738577085 286.601986809971 290.94529190123 299.58058415176 313.406333126505 321.580154472468 328.255154322601 317.071135505356 313.726627978455 322.52908730418 336.401673989321 347.613743500213 353.188234318649 356.863050834892 359.98955689905 362.947277567783 373.46054285706 384.688227037268 397.197023392124 408.870895165185 418.63528133312 419.761180644942 411.16887402915 404.03962872911 404.514345342993 409.462305428109 415.760702832359 415.000776010711 415.982153217052 429.990288195613 444.069863410898 450.139766725179 445.641685890191 439.967904060667 444.452635022673
238.956665172059 239.029245730557 239.016997715589 240.490708367356 242.723637955513 246.259838940649 249.531896768317 255.239486637627 263.200809510316 269.028249284263 270.126139402882 274.383541851722 274.32940885707 272.802680808074 278.023119395988 283.371882931292 288.514788630589 291.089427092101 295.825266053774 302.966079451099 311.822823705418 321.135740900742 328.600599540835 320.212424082377 318.669962165375 322.242291469526 334.083454865037 343.073755744347 347.715032104189 348.869199046665 354.768554497949 358.543181848902 369.613200826314 383.731590443809 402.244980805089 410.699426272256 416.174534541182 412.974687807556 401.169749933533 390.25374992398 391.378660248604 400.996772176382 413.695388157403 422.68308592106 429.435777277846 442.030837565204 451.429113957935 456.831497302533 452.970758129906 447.570294152528 447.192537230843
237.229283616642 235.224706551145 235.574540061457 238.273293696122 240.938679164811 243.839179353317 247.546028134062 252.6893773167 259.448381110072 265.531453724691 271.662428452832 275.199837267114 274.334861867253 275.759277210698 280.821130624956 288.301978372432 294.505094916933 295.028591846024 297.276419110065 307.101279125235 318.446225719967 327.821318881533 324.976233407458 321.99284865488 322.425367204855 323.460407489245 332.64897797359 338.688819511809 339.90568530563 342.751020653817 348.491120761379 355.957279537961 368.042023526327 386.977815700149 407.383846298287 415.583144142628 416.366741549041 410.186890586047 396.105770066876 380.121650099156 387.187398194982 402.496150188855 416.378328037737 429.362525950957 440.041981588763 453.1423677743 457.654006924868 461.823314654311 458.081264104697 453.5620702937 449.090985654292
232.763800767786 232.08929478749 232.902365168874 236.483918391383 239.223829833934 241.864388431233 246.687349676163 251.146699094102 258.219711946353 264.482084699342 270.901576086181 276.259428426169 277.840014332032 280.280107743296 285.206939450765 292.024254014765 295.618910463599 294.799424083485 296.621978595863 306.811799454929 320.335139850267 327.139077563367 329.14422102677 329.875107335855 329.105543537567 326.912154649574 335.619054289352 337.518249312984 334.414804948051 335.074574070291 343.732774001228 355.809101674758 372.77161224738 389.012216104823 409.589948252401 419.86980425526 420.085975358741 413.761744352198 400.209752403856 389.532481929264 396.305537992929 405.734652936694 418.337241089598 433.215086379885 444.776899786331 457.436368421645 463.046824625437 464.832079948109 463.246981147755 458.206972216004 454.968814051658
231.764289107837 230.813209500649 230.947149553408 234.649831435772 237.271598811722 240.644333791793 245.871472139238 250.205826478466 256.273804195597 262.567076702871 268.083232555614 275.512202551428 278.96212068727 283.599018280869 286.839612532058 292.152791579528 293.144264779352 293.15465710306 295.829509641524 304.932589027756 316.055744183497 328.958576880222 337.471651209287 330.785718811402 326.793839684424 326.825879613336 334.729378885457 334.62528006342 330.781720715552 332.748263931636 345.890360469713 359.977804495838 378.632606068393 393.088766736139 407.091767234888 421.183076146625 422.382955794514 418.851191716967 406.905383273945 405.006410073659 405.969872182018 413.408834800961 424.180190186141 436.310790231239 447.865079631404 457.639335842948 466.27438103574 467.766078050053 465.588219768429 463.683076039909 462.271772083779
227.566336639496 227.786396369157 228.171895571741 231.840286368344 235.331915190731 239.595878220852 244.45788356972 251.93068938401 257.898520331064 263.226368805971 270.129802433906 276.557007386929 277.361880723602 278.864949234801 281.923438276507 283.979202769685 288.004514498768 290.219575270726 295.623994885635 307.14729397505 319.318245755449 335.372491524359 341.080336837941 331.554437165141 326.517864064395 326.264994867203 332.898836753715 329.568503733556 332.165248054325 339.84067238806 352.475793756685 363.777209480609 380.028262304584 398.666422641237 409.664560588858 421.649349912421 426.184039020697 424.665640825819 416.154454935641 416.038405627906 418.873479432427 423.837012433849 431.007642969452 439.366583760925 449.964770951924 461.939123077634 468.029588692173 470.118276510695 470.376278796861 469.198292947786 467.364355213427
