Climate_data/Aus_aridity_Equal_10km.asc
NCOLS 560 
NROWS 490 
XLLCORNER -2904860 
YLLCORNER -5334205 
CELLSIZE 10000 
NODATA_value -9999 
[rows 220 to 241 of 490, columns 357 to 407 of 560]
1226.71987451697 1236.85863521148 1247.97733169967 1257.71523792792 1272.47931035459 1289.47394674902 1309.25497512693 1329.77475996269 1357.12373797914 1372.00141096617 1397.11966386334 1426.06038207942 1436.18616261193 1433.24695115722 1431.92572233155 1442.83737057274 1459.49161536403 1467.64898058823 1484.03968259239 1509.13809341269 1519.79229925439 1534.88348136252 1532.40772458249 1539.68915055067 1537.93427946886 1565.59214164153 1641.54477089805 1702.6609469841 1806.73130233616 1908.36266648067 1983.11122771566 2036.47205840891 2077.41629115308 2143.66095206352 2219.0552532071 2254.50058572281 2301.28910699717 2347.8897609852 2359.54749964714 2394.0235941835 2419.33680554128 2432.74554861425 2457.58862177974 2495.86035365136 2546.8148419571 2579.77688315408 2607.11370161388 2605.37403451833 2611.97324610068 2667.57095992935 2761.86398393027
1214.70356789127 1220.25911377921 1240.12737074495 1252.59522771087 1266.77335610939 1277.6222503781 1300.13397016826 1327.38102264347 1359.35099904409 1377.07140971349 1400.18167297852 1414.40737624111 1432.47797658947 1427.16297153022 1427.06502839852 1420.5399514203 1439.03281221464 1462.22668241441 1478.76989308412 1495.73952883307 1496.1412692068 1486.16862327598 1473.17542101234 1485.31329827899 1490.95451727951 1509.12905887616 1566.53378531313 1657.29871484264 1779.03684329989 1904.17927089195 1979.04163569927 2024.85538120537 2074.18821887136 2150.07544456322 2207.46138014368 2265.71581176109 2315.50947642572 2388.20585056532 2416.57131673317 2449.61411011611 2452.0783924486 2443.82833178175 2453.29883675108 2473.08563386465 2515.79411297521 2566.46958407439 2611.33250074659 2612.22402635614 2630.86700397106 2673.72124712226 2776.23546180373
1216.70207853652 1221.97358491692 1231.6241842359 1248.26662552064 1260.74429901153 1276.30144865362 1302.61271157096 1315.19335048307 1335.57436943078 1355.89703852362 1379.65478195554 1399.75151012349 1413.88326156505 1416.46637480482 1411.33352238313 1417.73690583642 1436.86893819842 1462.91025087085 1466.15167149748 1481.73622278673 1476.68234987809 1456.84914091433 1442.45499917196 1431.94508271834 1424.12352455773 1442.92529635916 1498.46352957021 1604.96428666068 1737.93765531287 1869.01265646263 1951.40604999976 2013.15401457735 2085.59183327353 2149.19525733336 2204.11571655875 2263.87382487731 2333.08691654539 2415.55584620904 2473.90341623814 2492.41878502531 2490.22415899064 2445.15656304368 2442.00151332576 2473.44165615046 2510.17963834921 2566.83943086488 2622.58478989953 2655.50593776366 2691.85685457532 2731.00179054155 2805.48414295294
1216.39315147921 1221.62161573822 1230.90127174726 1249.49335937856 1266.05134992491 1279.92696249249 1304.71235462728 1322.5591655065 1330.09234960399 1344.93603686805 1360.78724597772 1386.04138187501 1395.71357659324 1394.84884234892 1408.26291358337 1420.87866832331 1448.32902533077 1463.44232464519 1464.56037289692 1470.06675891761 1475.50354136261 1462.83371841554 1438.10503466778 1419.34464361061 1391.28303923759 1372.12197838527 1429.89964332423 1567.26983418999 1677.92768662883 1809.79817262197 1920.03829949893 1993.67718278329 2080.21672783253 2130.45190224426 2193.86720604038 2257.85255826881 2342.09670142152 2437.91780262498 2484.90372688557 2503.29613470013 2491.11174009929 2438.74084748507 2410.78664678278 2478.18831280915 2530.70585139547 2580.09853821035 2636.31707534999 2684.06968060009 2735.03613657647 2758.38106998748 2811.49481788651
1214.50769013114 1223.59231756212 1237.43713099557 1254.14295392056 1276.21124078735 1293.61291431489 1304.63960401677 1319.58271698727 1332.7670246555 1337.48578985923 1344.66187252711 1353.70486186191 1378.97040067753 1399.25568853071 1428.27668379223 1447.43771376674 1458.1331875168 1460.96270990919 1473.55822087203 1479.07059804043 1471.53601143371 1450.14784569923 1428.50714161731 1389.65386396402 1339.56553473261 1287.6686299418 1377.80201572167 1553.28863569345 1653.15500886231 1769.82831545713 1888.21875415473 1978.37562949604 2053.76425828081 2114.37376627414 2180.54066464653 2263.08115585186 2348.83307251585 2419.32131912938 2469.57021777744 2484.37325472913 2487.39009469987 2465.26524797311 2448.64292571713 2505.62133489952 2552.20010458825 2622.32923969759 2688.29182362865 2747.33184055007 2791.59610117717 2803.44788973896 2817.74963847646
1209.88826813627 1228.02067865077 1242.91223673417 1255.78032067096 1271.06878541397 1289.03412516266 1295.78767557416 1307.45747677982 1320.00185931738 1324.60427418913 1337.02512717444 1355.49966295359 1385.97508832949 1404.45354922718 1450.28050698822 1468.89008142138 1470.79218913392 1472.51268453054 1490.87876732209 1493.7013534652 1487.88047007553 1468.5603350897 1453.2600831056 1408.13388952338 1331.48544667459 1265.85578391166 1374.15574622552 1544.65632842941 1671.34637762321 1767.06856534836 1873.57411622614 1951.14146065279 2025.94400949085 2100.16639892089 2166.1180658841 2250.93963103513 2338.66352184028 2401.98613819805 2453.77882119174 2481.36195980876 2491.70356043136 2494.55606887307 2508.58307759726 2552.63062177558 2586.57949797348 2651.36390903899 2733.79369987435 2798.30442505971 2852.24829370537 2824.43014471583 2811.04822462174
1217.52640999463 1228.55148787837 1237.96449374883 1249.72982700864 1259.8258045303 1277.23374791064 1294.9194358954 1292.87973613248 1299.81244905371 1313.25812605584 1338.66995803838 1361.61371789528 1394.15090975367 1429.12056058352 1462.55968377894 1470.41694089356 1468.63022320729 1473.73058357388 1501.48176187662 1506.35838091075 1499.98182899104 1511.69269051315 1498.43735140217 1465.49504498963 1416.75076648368 1384.76818533287 1447.16807910484 1558.29986040171 1701.39407471078 1836.26130968994 1864.0071124809 1937.87038483237 2005.09745536995 2075.80279548525 2155.99080907477 2243.51569805611 2323.05543302312 2396.15636005789 2444.65248095222 2486.38980942852 2518.94171157576 2534.39871799004 2560.35373178118 2591.96256599333 2625.84260472469 2670.47302897759 2743.10209373728 2812.01818345505 2837.65612167693 2815.37058601298 2794.55190253177
1214.78788353411 1231.07397452307 1233.08171668551 1243.24337328088 1254.27589898731 1277.99472822342 1278.65342893551 1279.1716338374 1296.84728369931 1320.80512397277 1333.85375952521 1364.6123896085 1398.39977946617 1434.44147081563 1463.12970728438 1460.6278349646 1467.82937958418 1475.74646324801 1500.76021697314 1528.61136827189 1544.34224551065 1552.60806085525 1556.99036729121 1571.05290237974 1550.57526694755 1512.07043084441 1545.71076323467 1661.3867491826 1760.62776359219 1850.48375777782 1860.09977240998 1924.91326424158 1990.12252290023 2073.24250688809 2155.98402983818 2248.46168678262 2310.43083543177 2389.31154943973 2445.76719149601 2507.85553744924 2574.87018369551 2566.7700921975 2595.01445281432 2630.07746790344 2661.46046988171 2692.11044106746 2735.88249730005 2797.45683675682 2799.73789076435 2791.01624026614 2760.59762035331
1196.42829721315 1212.84299200478 1228.75826608128 1243.95471888688 1264.81679191539 1267.54546788478 1265.59681661695 1275.2115478036 1294.37150093554 1313.54540345826 1330.08922762694 1356.14722084526 1386.52619258255 1423.55642622381 1472.96320847574 1459.92528760209 1462.34807501706 1479.54246220471 1525.02082962576 1545.57030246595 1568.28950933345 1589.49531384391 1606.2015694217 1647.28939079978 1653.84130835045 1616.47830941524 1639.12853018411 1699.82455857547 1763.84282063275 1831.46685676974 1856.61549391346 1917.38874495214 1984.08104198935 2078.96609738948 2171.91927513519 2283.00991867977 2321.49278556257 2401.22022639843 2448.92480876986 2576.51649850088 2663.91434632355 2606.87124420305 2627.38159064774 2649.9269997589 2691.89823035311 2698.96987097288 2718.58193391399 2757.5489137123 2774.66211003261 2785.99248632559 2761.81403424463
1177.70197737831 1192.95230545507 1213.87772508055 1239.3981595318 1259.90890602612 1258.01418223548 1263.77497084217 1268.10768183822 1288.7845846617 1304.44326067756 1329.47853263143 1365.12761095747 1399.00098214448 1441.29922132581 1449.51748396315 1459.33554717681 1463.35744109524 1501.5453635884 1535.6136858871 1553.88973877871 1584.34071039905 1602.17887711235 1621.90930069106 1658.98846791101 1667.4953533543 1664.21033387434 1686.84417074285 1722.22982676847 1783.16933087066 1818.63744708782 1848.734603359 1910.15735095028 1988.50694706083 2076.42922405116 2193.96165552915 2300.13937295552 2397.41888518558 2447.33055106704 2476.55552252218 2598.97055413812 2652.55731437418 2642.93678861452 2640.65689089961 2659.20860499255 2689.90653462055 2699.1046040593 2711.48460791479 2729.04795328207 2748.66981537684 2764.60541268539 2773.36960528248
1160.06698021185 1175.31703332153 1193.66934546773 1221.15453561937 1241.20338026003 1244.99671969577 1257.68219147469 1271.47991183118 1279.62085019516 1305.7611316342 1342.6855526615 1379.81813994859 1426.63583447417 1434.40225899421 1427.00968164313 1440.8767585507 1457.21374559573 1488.12488991304 1536.57834904106 1562.92606556316 1581.82357128116 1606.06884728451 1635.07577107112 1662.13514700514 1676.62870011518 1689.74228210451 1716.14077972992 1737.39465700968 1777.00439896122 1804.19976343774 1848.32608677923 1925.06651649457 1997.62054234528 2070.15180321353 2181.88470317816 2303.0178895736 2399.12261124319 2434.25667958069 2506.44956063467 2571.83235219339 2623.08347620985 2667.20612450944 2648.50971994727 2659.03067131971 2690.72625167082 2682.56672810749 2708.85427556848 2723.63156067589 2726.68934308467 2745.30855107506 2786.78078552745
1151.00204116248 1162.35350392805 1176.69326084697 1200.04644209971 1220.62951951656 1233.32543467162 1245.76374160363 1263.10676713567 1288.22316449674 1309.50666991178 1322.60769720899 1371.60053274654 1403.63358118278 1399.87463129227 1404.75561120737 1426.40785905069 1453.86273374738 1485.3914957954 1554.72227203783 1567.71350611107 1581.15598626624 1606.12427497723 1639.32065585652 1670.53712099851 1685.61493731108 1695.55023376514 1714.32924403089 1735.62392541765 1761.47402995293 1811.36115577591 1867.86943961936 1937.30038592672 2028.68941097884 2109.40679917811 2173.60297735335 2287.9957310776 2361.29980656193 2403.40932767161 2493.0741305471 2550.84512282982 2587.71404448593 2651.2171962645 2652.26811881709 2693.10917935117 2704.94739222554 2685.60784622894 2703.14186755896 2709.71303879712 2716.99936004227 2736.41603202931 2776.88894196891
1139.11827491597 1154.38799713812 1169.03576224307 1197.53467426398 1206.36713953045 1217.74775784352 1232.132750041 1253.18921280106 1282.59891437478 1285.84371257191 1310.45114301548 1361.32975764408 1381.35602846905 1376.55747500039 1392.17720478307 1419.78952733214 1450.67989789122 1481.04340339503 1539.67290898941 1571.70611143274 1583.24130794029 1613.07235517382 1642.12222762379 1661.00407408984 1683.60152819611 1703.2820793911 1718.9286614164 1749.92557758795 1790.64770025836 1834.14444501729 1885.66869207153 1951.14664387686 2056.1125008023 2137.7658360856 2201.34583207676 2265.48006667693 2344.44960377568 2426.60013926617 2485.61306205918 2533.71892994231 2571.22944252158 2622.46189156977 2634.45694558909 2667.76752628285 2689.44403300012 2667.92363242537 2698.21440823112 2705.30672741679 2722.60537345057 2751.38441932044 2801.58918255773
1122.68182563167 1145.28582506751 1157.98058217933 1166.39718180494 1178.87618376008 1197.59682840951 1214.82126620403 1243.98464046681 1261.33843948038 1274.081857755 1307.54198058251 1341.42256333032 1363.97170744616 1363.08394621769 1375.42865770978 1405.54974305326 1440.13755700038 1472.06722940568 1526.68792911138 1576.58968481117 1582.69596355251 1607.17626594701 1635.67111738586 1660.53283973262 1681.15438372914 1705.60743695445 1747.80756245682 1797.83807989634 1826.6214703045 1880.48949032919 1906.8447527513 1958.62741465433 2063.97787317048 2104.65391630517 2191.38426367827 2284.89759557741 2355.14361378866 2398.99406024576 2463.85960974193 2496.23166441132 2552.68959074164 2585.71033810809 2622.12082691471 2675.61148220104 2679.5196558009 2674.85066527177 2711.03540098361 2731.48317992983 2740.12954656719 2792.47467263276 2784.61949478206
1108.73939327289 1134.79536571567 1153.59373878142 1156.29014453372 1166.25316522514 1183.34594904145 1216.46925919401 1261.07189862011 1254.52186557837 1271.24736222215 1300.24234471032 1317.0651913089 1339.64304518403 1357.22943026191 1359.13857137051 1389.90176777633 1431.64315374583 1470.18939982472 1515.05878678413 1566.91459596052 1581.4232373232 1601.22226266352 1626.33869936434 1650.77727275533 1673.82712776457 1711.29510680638 1764.01355724323 1809.91157669817 1880.51494523003 1957.98962193348 1953.97672753056 1966.11662583613 2032.87225732224 2127.24607236352 2212.2879533632 2268.83496196579 2317.40640605222 2380.23520497081 2444.76298931445 2472.65141666671 2521.48774049792 2555.2410656253 2608.72955787596 2649.23036053671 2627.61842648834 2667.88517569439 2748.73517686903 2765.8426948513 2775.57732355454 2788.96769986945 2771.15693216792
1098.66274509595 1127.23702457098 1158.7127353097 1148.23878098561 1154.13580802038 1181.10045112286 1223.53397986749 1234.4949982082 1255.39262704691 1271.13288826463 1269.1228164274 1299.50674457787 1339.2868288938 1348.21680135772 1344.5872289383 1375.70600694656 1410.3565515657 1452.16952373918 1499.71410691936 1539.229437259 1561.85868126598 1591.80471882334 1613.05666976717 1643.03936218031 1671.86192734935 1713.80004523316 1755.96566817423 1818.58617447217 1873.19619551149 1964.02819196368 2008.37185366126 1997.54272703078 2032.11242824588 2120.43592072402 2191.56853381832 2249.05387922365 2296.56232979113 2360.22431229931 2419.16765354501 2453.7160966626 2502.82033664598 2529.95488417405 2580.87874012711 2593.01608819248 2621.87112168979 2674.50153423588 2720.9932789987 2769.39250103411 2797.55817237895 2777.83688261321 2787.0543954141
1089.52607364051 1127.9984833476 1162.68375002428 1144.25594605978 1153.44181488809 1165.18306934178 1198.88538105135 1201.6665875954 1231.0787546369 1252.07978628586 1252.48623574574 1279.14583582065 1317.62017738084 1321.77945602589 1332.76355860428 1362.65417824791 1398.15782763474 1431.41251026199 1471.75425215042 1506.15045590416 1538.70086932674 1568.80260237661 1597.82050054467 1641.4324195797 1670.05018115208 1708.84266416345 1753.63314611204 1815.20223036888 1867.11826231387 1940.79374916987 2012.732073742 2051.82658890093 2050.1422356937 2095.47076232238 2166.63299832494 2226.96036370219 2284.14096383202 2338.2735049048 2382.75823669172 2443.77404996242 2483.86191434951 2511.03922851474 2546.42928136789 2566.58250346319 2613.48949822617 2656.40822362887 2700.29296772908 2764.05510615447 2784.97251086017 2777.45987335763 2797.85893616894
1087.1838004749 1108.65584894258 1115.18742575623 1150.49380379808 1158.39001103928 1168.33077859018 1205.89994960309 1196.3859835317 1219.42790260548 1245.06322504109 1236.93934959055 1245.82152782618 1267.98707864287 1293.91499340477 1319.78376566875 1351.86840639611 1385.29632767407 1411.54294314143 1446.43472360721 1478.00017287966 1517.69413263642 1561.63359926582 1584.34809027146 1619.32385410902 1663.31995317363 1706.60489695968 1765.67945856635 1816.36163363973 1859.53143562848 1925.70860162947 1982.95002354076 2023.88068072109 2054.23443759337 2101.40060871262 2155.46105099661 2209.58632432009 2263.89790889773 2322.85267426431 2362.06454080607 2425.68134246861 2456.87192119382 2483.59929951169 2548.10099228462 2602.22318735821 2648.93996034802 2741.00483304792 2765.24220030084 2792.79678815093 2770.050122565 2777.40228360057 2799.2905298598
1069.28120641784 1078.71729416271 1098.41825335118 1117.76510864379 1144.75164292124 1178.51058092126 1223.79878972218 1213.40053695395 1212.73610835894 1233.3053910471 1221.06732206211 1227.97811332188 1248.13767087168 1281.60287122783 1305.84164502223 1336.87772707959 1364.33255720316 1388.95472683089 1415.81757285196 1449.8341119508 1499.32152093126 1544.00594620767 1575.64815450681 1609.58409472973 1660.96627278837 1721.4734126681 1761.55688548471 1799.61016344386 1845.93417603413 1903.9551289421 1950.60980849083 1994.85313536144 2074.44361114781 2117.78785424347 2156.28491301921 2196.62857860966 2251.57414344493 2311.39512748008 2358.77296508121 2396.95132277335 2428.32056424385 2487.26451697621 2559.64622376613 2606.35993676226 2692.36932671554 2750.54154106614 2780.59218798655 2789.00149191656 2781.07045388289 2785.07557059049 2816.69748521202
1065.98492588542 1058.73899268144 1080.22230014191 1099.32684710972 1129.45756661355 1183.87826655404 1190.76879157285 1198.22335187969 1191.21315199345 1211.42884842854 1209.63301626458 1220.41832451669 1236.92370818223 1266.50741004054 1293.45545320854 1320.03166168381 1358.47607039467 1376.13396027168 1400.20553664627 1428.37073094874 1482.01923714491 1529.74038739378 1564.92336105934 1597.8699520202 1658.58725938336 1720.64075904249 1757.09129966249 1788.9474786464 1829.20925352167 1881.53377754193 1945.22682666168 1982.9452343514 2050.859283223 2101.96007055888 2173.51657219244 2213.97590420634 2229.72026163775 2274.46400848483 2338.55286098939 2368.68053311139 2424.51144989325 2486.94028812569 2581.00953465217 2627.61468732612 2686.48044810664 2717.30242385002 2756.846141152 2778.73712582345 2771.99368706388 2806.18871126839 2853.13459550626
1044.5636454111 1050.75702823536 1063.598377609 1088.16921283485 1134.00392353462 1163.89753399356 1150.12695268672 1160.34775904255 1167.46930885371 1180.55557417422 1194.9370819859 1218.30268365231 1233.89968569531 1259.79936844943 1282.80967249358 1309.14484695818 1378.369604245 1384.96297698269 1403.16994939039 1437.70182668583 1475.09315092005 1526.80022624875 1576.65895741602 1592.16498310835 1649.92081990176 1714.18993594452 1751.21460346436 1777.97798285681 1814.30823198122 1861.63646012535 1925.88954568419 1963.10858955827 2038.7478257988 2072.22604760698 2129.81506167394 2167.06480806213 2212.51505753802 2250.1425509102 2326.28612546647 2355.48415890008 2416.89261361378 2485.0205411151 2539.19987612556 2618.95450753468 2654.24385633548 2697.34410406697 2726.03061897396 2758.76628677235 2773.74549897845 2805.73316296507 2846.2227267576
1050.80244660868 1046.41782896023 1056.04438417436 1078.50617564272 1141.72348714799 1118.97978995646 1126.06555821117 1142.18365187621 1156.61926411778 1172.94501771222 1187.42001924292 1212.81954468569 1229.79688493504 1257.80549624417 1283.77734885493 1309.60881445964 1385.84848854008 1429.73700883987 1445.80353634416 1469.00067553076 1488.53217323184 1527.69328706189 1558.55609389678 1594.51002177658 1649.65935687627 1710.32088350499 1740.68954776121 1765.97106356157 1802.73299349617 1849.5043728254 1910.76739085 1967.1505873316 2036.13128173698 2063.68906223467 2091.7038828195 2126.07171978948 2185.77144875367 2234.41683683923 2294.99117945423 2377.19981586427 2417.09448534672 2484.62341178344 2559.62826996527 2624.07921295167 2636.91189929264 2666.44401175111 2714.91702886912 2747.70277145432 2773.19571290733 2799.40875449887 2836.26242334882
