Climate_data/Aus_aridity_Equal_10km.asc
NCOLS 560 
NROWS 490 
XLLCORNER -2904860 
YLLCORNER -5334205 
CELLSIZE 10000 
NODATA_value -9999 
[rows 198 to 219 of 490, columns 255 to 305 of 560]
1755.71615702094 1787.07899365191 1783.69365998928 1777.26524241608 1792.039336132 1796.46258816183 1798.3429841589 1807.65303514701 1815.32870918353 1802.09299959783 1789.34087327003 1787.03825310064 1771.46592415777 1779.32343063297 1761.93411068268 1742.17679356989 1734.0359513413 1727.60639443617 1717.20056275877 1716.2478388421 1724.89502887482 1765.98464714781 1783.35928338224 1821.83246049916 1837.34153023735 1858.51867360523 1801.25691867413 1743.24183949208 1729.87619993287 1704.19989201093 1683.7045193351 1678.31367633887 1683.29752280044 1681.97951682952 1683.65562322038 1698.12149342744 1700.89219423619 1701.13833606279 1695.46584125744 1685.81168481843 1665.36173890217 1672.78332079838 1677.24306976341 1649.37541120428 1634.91534528445 1632.16548379721 1628.43030392301 1597.4415911496 1585.03349166913 1632.20201655173 1658.55314082834
1713.40884723617 1729.23599902567 1739.08419150911 1745.51656677312 1754.19488058592 1760.39955254153 1761.97080019308 1766.90658560117 1771.01739671552 1765.03886350578 1754.79327388264 1743.17690386098 1730.53058510314 1713.69541358368 1706.34078157358 1692.58199735651 1678.89203170474 1675.12506430219 1663.82082677649 1660.80016810496 1675.38407090665 1705.71991781015 1726.44005933723 1738.20237951825 1769.95889120628 1792.64868261198 1840.43993986904 1765.27325247753 1759.15216930563 1707.71870178087 1681.41284490583 1670.73435388772 1674.79282567788 1680.2889410814 1689.85915935111 1697.61731652835 1706.97013101963 1711.03313738091 1694.93062866899 1680.62708465264 1665.02410999773 1674.59002515512 1677.53162596087 1653.75491529769 1658.2830989556 1640.76598994474 1623.73773470976 1610.35214895031 1617.53219339196 1620.64776207345 1626.74212084689
1679.33612664219 1685.53320627331 1715.38294923784 1728.46179995928 1715.50978980235 1722.22588534395 1729.88612685511 1735.95230431961 1735.35918861703 1731.02161890413 1719.43055738133 1707.45805909975 1691.25733184885 1675.78130756077 1663.61780953519 1645.13088714354 1629.50952236221 1624.13252643985 1622.94885226735 1628.09975549713 1633.21673229314 1648.66899443863 1664.46354983959 1677.03755258756 1688.49809243583 1705.36839176638 1730.94145740223 1751.96662133054 1769.40400228766 1730.55658453536 1707.18551746901 1688.16770912319 1686.57261080659 1692.37864925245 1699.11039876888 1704.65683837983 1710.75522833792 1700.01894629349 1681.59984978489 1672.0290519094 1671.47500389189 1686.84787653012 1680.19050256113 1661.86640138892 1660.57753522994 1646.30506934643 1629.67821569886 1626.79973280465 1637.43028554148 1665.56988681489 1631.83449017996
1663.30769737752 1669.46883890538 1689.51037475465 1698.46128481831 1695.57283115285 1698.23065424001 1707.20633101509 1719.87706932361 1713.69079348164 1719.59988527258 1697.09224774776 1669.96703522825 1652.17348448768 1643.33785904038 1624.76036252469 1617.46713503427 1601.34964041946 1601.17025900056 1600.26094991065 1605.96331908396 1612.68867816594 1619.40670236243 1627.76916243998 1630.70341331947 1638.41438206101 1661.38160443395 1679.47390206038 1696.46643642113 1724.87930234685 1719.4342165822 1706.17625226588 1695.85429081696 1689.69370940935 1696.57978416192 1705.40366553505 1713.36005432881 1710.93160591337 1698.36760267464 1689.43893168533 1684.79317825709 1677.84238491347 1694.90197547704 1684.21150300787 1680.37710910026 1670.33947856764 1651.85770453742 1643.92384600385 1631.81073567129 1641.46078776884 1642.13106548099 1633.76822445973
1658.02032123346 1662.76963566765 1666.34358802381 1685.96972841267 1694.37736881771 1690.36072425618 1682.53666983506 1680.66590498706 1677.44709522395 1678.04808954445 1684.83220720657 1652.42066163857 1639.56897088059 1674.2286413517 1657.90004113316 1622.20958542969 1585.72325575462 1579.3696536203 1576.59213291338 1572.08957157763 1579.54141544786 1588.48524436322 1599.72920548425 1602.49413410357 1610.33544897184 1630.95377578946 1642.66760548315 1659.13865680069 1696.58910068547 1717.12164094881 1721.67733308331 1699.9894600239 1692.05146914981 1702.74449150392 1720.19265953052 1731.03467407553 1713.51278142373 1705.74964660391 1725.62132603491 1696.79274848086 1685.55483372404 1693.37787440367 1699.01847366111 1664.75534032736 1648.2784877069 1628.91729872735 1625.4112554743 1616.95472700036 1617.39160698517 1617.20250300676 1632.68381009528
1629.21799138118 1642.75940361417 1658.35772597066 1668.935885302 1673.51117406205 1667.16811785838 1665.11648557158 1662.84250556815 1659.1866347823 1653.0567805135 1641.58997100932 1647.35461966836 1641.63880565609 1654.59751134532 1609.65756079779 1598.63425703825 1581.74372121681 1573.85271073891 1571.77403679242 1563.21824463373 1561.23043749625 1568.96012198803 1573.4683158244 1579.00242744394 1591.26237782798 1608.52257796811 1613.6205559082 1634.05420134282 1669.66374354417 1690.152030691 1685.56065470003 1695.85074390854 1706.75792230434 1723.3935246784 1743.00421118253 1740.22470160549 1714.46248515653 1720.95531927312 1722.79119746205 1694.53861742698 1693.15688597413 1687.96086803738 1669.95516445828 1650.68378719117 1637.63487867675 1625.29759779485 1626.37789435199 1631.14568127848 1617.48974978873 1608.168632771 1613.2617016943
1625.00227716478 1637.35457545528 1656.1255996062 1659.49238466944 1659.82151212452 1659.03531815939 1663.42185461028 1660.77722227437 1656.78530066893 1653.07375726114 1645.46471956505 1631.53524935205 1621.7956585264 1620.23776935404 1612.1299022096 1608.14742345325 1589.42957347389 1580.03691847458 1572.92402847048 1556.69919231262 1548.81235788756 1557.42198536402 1562.18080642639 1571.02566786704 1586.63998637873 1593.40113288646 1603.25108202088 1616.53000071446 1640.95769161387 1650.65015961769 1670.21983874199 1698.90439927778 1722.65815972931 1747.42831210094 1788.07850442434 1785.54280104769 1777.07177988591 1732.87036143585 1723.44048391731 1731.58180603971 1716.41352250184 1685.1697376742 1667.83675086306 1663.38437574509 1669.3063474803 1761.28425027296 1736.00887593456 1680.03326225633 1666.51439891856 1605.70345957548 1601.51876550695
1633.47795492615 1645.47061569208 1656.11668596631 1665.09748301051 1667.52879612081 1674.44711185323 1677.47448643917 1670.93899881075 1663.86976489882 1658.78551690748 1649.76086220668 1629.66842551827 1616.10320455737 1624.86327664799 1619.27466048222 1606.96840879766 1597.55248451361 1586.85715382464 1577.16102747111 1565.9911366392 1561.71494858521 1548.28380304694 1548.10076751387 1566.52652982158 1582.05813564916 1586.00337921643 1596.04635885657 1610.95274824138 1628.87695729002 1643.58051441357 1669.76811619966 1697.28603452981 1723.11014161012 1770.591925731 1873.3193063007 1857.3482124097 1856.66732862317 1788.14056762285 1776.84379579396 1780.09912668753 1740.63381201882 1790.5077263025 1781.08202357093 1802.94776742489 1895.08342207239 1846.78794214894 1724.27464675437 1709.25732726287 1765.50785483187 1639.36188985963 1577.43523682962
1638.73488335127 1653.23320246456 1660.99360597081 1680.01021205929 1691.90165250256 1707.4507628341 1702.00339312635 1699.75680254258 1685.26055531766 1682.67931207647 1677.59707187165 1655.45704363852 1647.92473186683 1634.81077613539 1627.7425418748 1622.84612917184 1610.28457064089 1604.99004596325 1592.51435143269 1575.26511320655 1570.03359984855 1558.85326380417 1548.59211935929 1565.2299325302 1579.5714286846 1580.1508750832 1591.26122308391 1607.93318999288 1622.22773661126 1643.09927455852 1668.12969309129 1692.53194470788 1718.14458742139 1757.66880566369 1804.7712995486 1878.99825190798 1872.36311484007 1798.68258796636 1821.81895576632 1848.81251031179 1882.85494661025 1819.78335836541 1775.39262389647 1777.89999372606 1819.65656344636 1796.90158369528 1812.8793841916 1773.49209565407 1715.45650847993 1618.39709685377 1547.54832509333
1663.26093910183 1669.01789965515 1682.48347950381 1700.554531345 1704.75486208756 1727.30848975273 1716.7957711549 1709.93650250669 1787.09934469732 1719.8534938523 1711.03525726988 1718.86358790438 1796.25618199887 1745.21265795402 1658.58070081974 1646.98738058543 1628.3673555101 1623.88877059952 1614.05230641647 1593.03845400116 1579.38455843983 1667.10489649673 1627.08347933887 1586.99109848957 1610.14007527296 1592.19830209092 1599.2830916836 1605.66324876665 1622.74662926397 1638.46829079337 1658.12067335965 1679.19374396377 1711.53540553645 1739.79088092229 1774.49323759743 1837.51021023022 1865.47136487629 1831.15314377159 1776.64493059336 1729.31689277508 1793.20294500649 1741.18618478632 1668.71088569453 1666.05640615851 1689.48071441111 1702.603394035 1661.17848062255 1639.06142545415 1653.32138336913 1606.50075758238 1546.41890513045
1681.73526208494 1686.0738421164 1685.06635703176 1702.78469054188 1726.21809223149 1755.32899408351 1747.89083130801 1753.96881354236 1864.02020868906 1821.48816378882 1785.27742123637 1790.00409043872 1822.36601049019 1904.51838401688 1831.34060362378 1679.61573047104 1651.7593801924 1701.78050560789 1704.84901654649 1742.5573572118 1639.43065963518 1612.70628390235 1676.65217855978 1664.83270793678 1645.81232114258 1604.3435026177 1594.32952331637 1603.8781736365 1617.88450972371 1629.13671775503 1658.06130799751 1680.61807818114 1708.89583807603 1729.11072924834 1757.27946074947 1797.82115276829 1826.77662552906 1869.99670206531 1847.53322395673 1823.26784798006 1716.56280000929 1650.27716247744 1629.160523648 1632.6342323318 1635.47220076127 1604.79129854863 1593.64969273435 1562.96067865617 1567.77224171799 1554.93314417888 1516.49108236556
1697.0384483504 1702.00717659799 1707.99791907045 1722.38672479726 1750.05678554546 1776.47145517005 1786.92153775679 1799.91764308344 1843.57477529769 1855.1788783437 1828.82231042328 1799.74219202817 1766.58939462332 1761.76898220201 1729.41757129749 1688.15486944055 1702.37331195342 1744.36205768015 1792.35986766942 1944.34130405429 1847.88925583317 1765.81922316139 1704.8753130665 1686.71053917959 1608.10261560329 1725.98012052068 1742.42918230366 1644.09850856251 1636.11573080991 1641.86928920818 1673.02641639561 1687.69010275308 1696.11742628629 1714.83461564377 1733.90063450099 1769.10455410055 1792.58847471471 1772.92778845288 1702.04223245216 1734.25344965073 1735.78306226743 1692.53860797388 1692.648206831 1671.40765912642 1604.47665996845 1614.96311959447 1594.57299236119 1513.02033460581 1504.40350471109 1476.10740196756 1458.82681255848
1703.14353301969 1716.50437647767 1748.15252498622 1741.79569919893 1763.21461199677 1790.64108931132 1791.28390410759 1765.09727727091 1765.19401286516 1774.7690556232 1799.14982931032 1795.89499194786 1790.28812073243 1790.84474311311 1807.94710156465 1772.17231644857 1735.24286601238 1741.93118014613 1747.64746070224 1819.36588579747 1797.74629888681 1851.07786191592 1802.88912699898 1748.44148707571 1718.48265073284 1660.16404135269 1645.28881256754 1639.83488232987 1650.79466913959 1676.31068330428 1685.64200870553 1700.9488224076 1721.19790204306 1739.41726009994 1709.30368805394 1747.08258391777 1740.81053461593 1676.82068736508 1636.38310779352 1567.5739904343 1594.95413430972 1644.06363542663 1634.17093480137 1582.8410987646 1594.22417009756 1523.37845217137 1512.68439390863 1448.27658180451 1420.68727275034 1411.47813191808 1401.73281177551
1680.59671583771 1698.00924785197 1711.29220814731 1726.68151591484 1735.87392742153 1749.52803545679 1765.06369904407 1762.39070041669 1765.12139863623 1788.1677391044 1893.97095965871 2101.11282492751 1995.92983783234 1923.0396206383 1976.3238763745 1979.20419724919 1930.19362471853 1922.10504721335 1817.77689783825 1746.37881503889 1703.29753171039 1684.95970495654 1696.99536573101 1878.06853857069 1933.8193244553 1856.44549494246 1786.35031452702 1902.88491056005 1921.62884197851 1838.21098673913 1818.3652852289 1768.48656151965 1744.21247507051 1712.63532487249 1645.64582351006 1673.15242230031 1678.27700710722 1640.17052568427 1583.96443420428 1578.09457722704 1494.36727032062 1519.10888553823 1499.42124792508 1490.65824246024 1492.86902113193 1440.21428262243 1433.21302039185 1457.6928566733 1416.58915500285 1370.76654230835 1355.21167744348
1706.16116320755 1749.18721607523 1752.76299645268 1742.00917163278 1734.41399221879 1729.73873438275 1764.40205927114 1773.12563579646 1766.37392710421 1776.57621131374 1788.628615827 1815.55304697914 1824.5480269723 1810.51373210866 1826.62593018008 1869.0559647397 1885.3097867171 1856.87240570386 1802.86536595557 1839.48752906784 1816.92636723957 1678.52961515025 1637.31590271938 1741.84708769826 1833.55510435015 1754.97386096866 1732.18987867404 1833.72046883248 1776.38274858062 1797.42349455248 1757.58657718166 1653.67850017179 1591.78970709931 1583.23649848234 1552.35699576281 1536.40526806765 1527.48353178748 1504.0916496281 1494.05213752399 1438.55858255414 1392.21944661538 1427.25025972636 1409.98142702009 1394.96620645369 1414.85274934844 1384.268854192 1373.15439342587 1339.57069174905 1366.613471041 1342.70330697754 1322.30327857983
1693.45975183391 1730.66023232474 1779.20605836505 1797.30464685374 1761.79431190248 1740.57119170085 1741.50621945962 1783.04957587414 1800.2617347525 1805.41155283298 1815.25027353303 1838.72269701977 1868.7872221688 1848.61618369793 1827.773058092 1840.51244979515 1838.85612344735 1785.41979110156 1743.53936628422 1692.50948902742 1647.7498758653 1569.68334745107 1589.20275998603 1693.30934137534 1667.46577868879 1638.10656307192 1682.43160659946 1719.58278349407 1621.1035660226 1597.28747428827 1595.45157350967 1588.21015844298 1542.03701103932 1504.69030769658 1493.43744492528 1468.76104225835 1440.40910755086 1415.87725337535 1397.44953256706 1368.02614521503 1349.94884011516 1326.50305388142 1312.84269039167 1338.51631830452 1346.09015439509 1331.43923442517 1331.8339976951 1306.45044001648 1298.34178534067 1293.78867328604 1279.56129364549
1674.83218268976 1692.34027774397 1739.30910228655 1768.62146091292 1790.59435352391 1821.86982147024 1777.71545126802 1793.20684282897 1809.92211489836 1848.68950318547 1858.54139710562 1874.39844779644 1864.37170299058 1889.1907892169 1878.08494556183 1870.56075064569 1821.39997325951 1827.32112703914 1752.76737290347 1693.93487796224 1635.62464542574 1580.24330933356 1518.30618664802 1516.46879348729 1505.67545292912 1531.35677337959 1590.43229230459 1604.36298678048 1548.47081071274 1529.68027457766 1541.24551658902 1546.37036658365 1525.64995893418 1493.43011410215 1474.19949592107 1436.07127706427 1431.03674186758 1451.00058783385 1475.21511095012 1437.69902442843 1401.18669392081 1371.02571306304 1274.67438048494 1272.30218680722 1318.07320560506 1285.57909141473 1286.07935863188 1274.10780416694 1255.72118960032 1243.21689041943 1221.21943988326
1701.96190684502 1697.84947328561 1742.39381043426 1782.81304712148 1797.59789121553 1843.24707256987 1841.96161398911 1800.54810762094 1798.82184271023 1830.58021827267 1862.74292297996 1878.09086712316 1871.7661275807 1830.15539704336 1779.90024730235 1860.7142119405 1860.35241215853 1835.75739728216 1818.58344593488 1801.44978200567 1776.97959218597 1765.63086706782 1682.50970034831 1529.93714034341 1484.31537247996 1540.34198922986 1576.14879485798 1575.18248230395 1572.40691357368 1520.79612762635 1552.23904966215 1579.44352012878 1526.89250685699 1508.1775348275 1480.83288484158 1462.84699883828 1425.99689563819 1426.21454701338 1417.1798040997 1400.30990386579 1399.62847546654 1369.5017590634 1234.27055803699 1242.59272225748 1230.66631873376 1236.70351147539 1225.3696330455 1265.06973748954 1232.52325744924 1190.74259482634 1187.94361491567
1715.28046509761 1740.06939511847 1730.47151386353 1774.25418496422 1829.47626731422 1843.87679721203 1871.04443518939 1852.81384976811 1824.04300224579 1820.12204363476 1844.8146244074 1842.70462504502 1803.92979417278 1850.39408691582 1771.8049573302 1793.86281816583 1813.10539453175 1777.15371490057 1846.35379786056 1928.0424822174 1919.49629593532 1705.5911912854 1590.33216887307 1556.83727138399 1575.08844741687 1573.95981205034 1554.19338831041 1513.44265619486 1496.21945478616 1464.34537576376 1476.14317515751 1489.92313067831 1468.54624534974 1458.88222151521 1454.16258714982 1433.11468874621 1376.61944330581 1333.63538382353 1341.94192608602 1310.22334217421 1346.81869022036 1274.59591998738 1195.83970767581 1189.49926575065 1180.21215541916 1183.65697265952 1191.55426165887 1183.00710333965 1169.9506944462 1181.18021773439 1172.9633426416
1687.80251984292 1715.43255022588 1761.21910125424 1787.03500974011 1788.77813689269 1807.39654881891 1824.94821797572 1841.56634210843 1786.76675992195 1782.48198195879 1780.54726786181 1810.56613316796 1809.49163149149 1774.60813808374 1702.20406074941 1733.58018980151 1790.50490514879 1757.0177747939 1716.83749910805 1791.41012614172 1783.19182523655 1746.25858140145 1680.84387230427 1573.19043990882 1493.6731467265 1574.95987425431 1612.59001437121 1520.94263417427 1472.92275183116 1428.03288298831 1436.50335195557 1436.57305732371 1407.36531941066 1395.38521956018 1414.89273277463 1376.39187479158 1322.8558646119 1282.61981716855 1286.24164046723 1263.16149519301 1293.94862229616 1247.25441564422 1152.87457025805 1154.55001302286 1134.32628286019 1127.03293865271 1135.12020134342 1098.66308866591 1104.46815798415 1109.71264032309 1134.07346423337
1661.15796147997 1673.85385761124 1715.12866699399 1768.9949551268 1761.11954227663 1740.30665828477 1738.21871952336 1757.96212330171 1732.93248377609 1725.24203285229 1698.7320522507 1825.61248032739 1813.06529731181 1749.50551860039 1741.22645766811 1694.81436513637 1725.16923405352 1746.70426047596 1662.81356341285 1665.48649756821 1664.22143159798 1645.05407167303 1572.04029475266 1536.85761242752 1474.02353102848 1539.62922460899 1552.02576574456 1514.50567860747 1485.91690024327 1420.4557820408 1420.92379295915 1376.63414582122 1356.0623942103 1360.54846954387 1386.74279858576 1343.13206251646 1280.91963370738 1251.33507632057 1219.13220823542 1202.62339873387 1189.47119673096 1163.04866302697 1138.47849812447 1158.79597065861 1115.01251446766 1092.01953495423 1080.02663760274 1062.97702668268 1055.24596153178 1054.42155124423 1054.18434811287
1641.41312973578 1665.92106264011 1667.27660466315 1711.83857433261 1733.89523648613 1724.57077921537 1708.42854938451 1683.71233275954 1695.92003370458 1678.22552990747 1664.12355565147 1729.29251121821 1788.5880798572 1791.76197589018 1757.01362428279 1721.86429873564 1678.07157887088 1666.74006853068 1634.12760950273 1623.90788291046 1608.51441803856 1559.4429841208 1509.51219961767 1460.13774953209 1416.31028091855 1422.17133108194 1415.13287615307 1425.71890648261 1401.99062100535 1377.97839759647 1364.29664101414 1335.42470064274 1312.78461845186 1309.31552082749 1332.27715488426 1307.7427012374 1280.61223271455 1211.71777727015 1205.9754036503 1175.5272747856 1141.21036072818 1148.28267072313 1104.89052479767 1077.30870908906 1063.09106883675 1061.44006739792 1055.78012820503 1037.32190252078 1027.15037015748 1025.17039243587 1009.22569923217
