Climate_data/Aus_bio1_Equal_10km.asc
NCOLS 560 
NROWS 490 
XLLCORNER -2904860 
YLLCORNER -5334205 
CELLSIZE 10000 
NODATA_value -9999 
[rows 198 to 219 of 490, columns 204 to 254 of 560]
26.5909196439924 26.5392642878286 26.535034831199 26.5070730970463 26.3920895995026 26.3698192629565 26.3154118904874 26.2526403148668 26.2357259682653 26.2425709932788 26.2734280351869 26.2177050817128 26.1769405859298 26.1102553700035 26.1234535515344 26.1095813934566 25.9554004179612 26.0036733777151 26.0030298125846 26.0767242357745 26.1787359450546 26.3581085278531 26.4092018430045 26.3604952649193 26.2516388430377 26.1533120238226 26.1378893754246 26.2097474863266 26.2662861441953 26.2688555392297 26.3041850545206 26.3046861043671 26.2899942257513 26.2698910887437 26.2603069841656 26.2374972696106 26.216285332586 26.1917627167598 26.1265441322794 26.0196194736072 25.8803188843282 25.8108626388164 25.7242905427923 25.604798951438 25.4993516088424 25.3189967377238 25.1756644257921 24.9664113664419 24.7584434556675 24.545088279549 24.4714295662718
26.3982025440308 26.3698383906972 26.3741318034252 26.3187419289601 26.2959215365315 26.1970683525366 26.2000431270383 26.1408829067343 26.192768577783 26.238830896473 26.2402755328973 26.2108446029815 26.1320914773505 26.0242602510553 25.9611016166493 25.991620621016 25.9878178103099 26.0161011596848 26.0086082148292 26.0300941002047 26.1679722621041 26.2598713459024 26.2849089557276 26.3106251021224 26.2697891785259 26.2046427595436 26.2040951146559 26.2205593394638 26.2429198245419 26.2420707437823 26.2956453805147 26.2869875539447 26.2733786269185 26.2485909586286 26.2470458772847 26.2394038264403 26.2120171313689 26.1833166284078 26.1355557397161 26.0539507804306 25.9574810890312 25.8668772124825 25.7746022799357 25.6735428518704 25.5417428762084 25.3534279267862 25.1881446823365 24.9513413764639 24.829171294839 24.6184566362218 24.5468491282362
26.245064635785 26.2319602275261 26.2396967234377 26.179714568081 26.1759098270025 26.1338842745801 26.1188392407856 26.0926029507698 26.1023210386989 26.2709652608746 26.0138017343269 25.9733446021699 26.0041244344681 25.9599997454045 25.8822527133016 25.8930963984954 25.995331176761 25.9834086328973 25.955744126914 25.9431802343152 26.0481919305255 26.0784198070004 26.0951077336658 26.183148583972 26.2161368713528 26.1999922444688 26.2000131837243 26.2264005840549 26.2127148773942 26.2729366431079 26.2756370068367 26.2561459879992 26.2554106188118 26.2412230873708 26.2455686511226 26.2142859661561 26.2079042858862 26.1808463256659 26.1185593396437 26.0474743882226 25.9671332493846 25.8745578900786 25.7864950328672 25.6952220838537 25.5174211257493 25.3307017462023 25.1870717738309 25.046300390647 24.911674462388 24.7912903288205 24.6938486667573
26.2799015337501 26.2682595943324 26.2275631086574 26.2052086597787 26.1633279362057 26.1317631066559 26.1182699189845 26.0607703779763 26.1136491318389 26.1765445095954 25.9892812181922 25.9854164886373 26.0616859387383 25.9352202216922 25.9082845196299 26.0051411536575 25.9342542875641 25.9754789149081 25.929697976852 25.8997381817928 25.8456183821567 25.8855698082563 25.984152020156 26.070352104986 26.1203734510657 26.1538353645784 26.1555558586534 26.1847967715707 26.1741646210521 26.2066142387045 26.2171486777061 26.2244239907556 26.2201979177546 26.2274554912153 26.2316692854328 26.2057088697938 26.1669699142387 26.1377049721187 26.0814014346463 26.0119070683994 25.9492887620404 25.8621125475016 25.7365553800414 25.6522659176007 25.4751075782505 25.3367586076349 25.2359764470316 25.125606170141 24.9977978389368 24.9068061630022 24.7822703584082
26.1991143207632 26.1565450238636 26.0988351953342 26.0625049889821 26.0599000130752 26.0854039101169 26.1110816083739 25.9861349636989 26.1933026748063 26.1125734707004 25.9395690279982 25.9669301155848 26.0483619352393 25.9799014532469 25.9955353036849 26.0386282872625 25.9901121169188 26.0149174270277 25.9459986850048 25.774706830836 25.7218521729375 25.7694982934228 25.8564587392473 25.9609651297282 26.0205861446471 26.0511057932707 26.0584543097618 26.0701959496794 26.0936906174464 26.1045231822612 26.1486880117046 26.1511736700189 26.1493904270606 26.1651608216465 26.1656148185919 26.1511874149232 26.1350948253338 26.0972998421311 26.0559508135664 25.9850390710001 25.9101961545501 25.8170420226968 25.6933376946755 25.6223316018812 25.5239625011959 25.4088077840071 25.3037920399812 25.1834038583512 25.0664973221017 24.9568604141803 24.7954415679093
26.0653727993156 26.0686863664687 26.060277999551 26.1365536622872 26.1154230287437 26.0909333809851 26.0469951721653 25.9470655320508 26.1312321326346 26.0805795696928 25.9591931333268 25.9282663717045 26.1433462294662 26.094038425117 26.1439721423408 26.0736099018935 25.990536339034 25.7936198910512 25.7285736168442 25.7434452889694 25.7100453744208 25.5853243257811 25.69912797226 25.8451950141827 25.8512627495864 25.8967974104469 25.8851952953796 25.7731511480035 25.9725957921196 26.0237692634235 26.0561607370611 26.0760514284305 26.0839668189092 26.0970836506559 26.0896411435722 26.0856080357141 26.0828113629592 26.0647543675246 26.0316184774652 25.9633915303047 25.8915660463517 25.8061023500951 25.7248656046746 25.6126740257382 25.4969434249985 25.3625779282018 25.2880602227648 25.1942492280446 25.0807183260937 24.9552481712442 24.8412124763971
26.0961115391429 26.1289535886048 26.136208374716 26.08207555577 26.0505554543629 25.9797171308882 25.9107382970396 25.845758082178 26.0012523208433 26.0573413166451 25.9343114317037 26.1596150788971 26.2474621604566 26.1595245553046 25.9988344753477 25.8351617406843 25.7814781037404 25.8214757786264 25.8080663406315 25.806195025881 25.6265615119955 25.5927184608678 25.6863246159029 25.7149111732105 25.7084253829368 25.7231335700466 25.7447275913825 25.7131566156002 25.8661723628422 25.9104581271198 25.9746386664214 26.003379914797 25.9988975917814 25.996430151044 26.0009016784934 25.9888575540389 26.0040533792041 26.0138021172922 25.9878793555766 25.9382726193502 25.8227544591918 25.7284408725485 25.65400379754 25.5278767215709 25.42684594673 25.3142672849883 25.1886730004704 25.099527372911 25.0029912015407 24.8815015076924 24.7444901789442
26.1021316302927 26.0543295148914 26.0069110858427 25.9385244904461 25.9126471776836 25.8513497902459 25.8181369173114 25.8126424558171 25.8957555248213 26.0073977936551 25.9807729924823 26.2157689570767 26.0752864005447 25.8501753503181 25.7093321055306 25.7657361287966 25.9024541540939 25.8531630464872 25.9161856942417 25.736778614795 25.7106702466393 25.7844309684141 25.8155184419026 25.7941252195914 25.794239265821 25.7249178190403 25.7061316067273 25.6771002753263 25.7031276989262 25.7783737286679 25.8629312395788 25.9030155345355 25.8963913430347 25.8732818756079 25.8875725211369 25.882505822102 25.8874846182992 25.9220534388723 25.9162450964391 25.851849199474 25.7511063060443 25.6689246541601 25.5470917845206 25.4254750080982 25.270222457961 25.1775470217929 25.0536929923814 24.9619655055731 24.8832261957099 24.7775507303661 24.6704743835212
26.0018568948467 25.9934039148472 25.9431304290709 25.8773877389482 25.8178564332936 25.7330137815964 25.7365852089997 25.7931950241709 25.8011451510571 26.0076763090367 25.9853451860668 26.1529271694478 25.9426470089105 25.7365641325123 25.7576076371855 25.9021286956869 26.0089043047979 25.9650873383378 25.7979699587385 25.7643549830888 25.8423868263992 25.8572842525745 25.841237430524 25.8074169831957 25.7547867888587 25.685521981007 25.5696390150212 25.5723857411317 25.5472883464253 25.604714892616 25.703030977333 25.7336525812899 25.7558274014228 25.6902859329433 25.6806698461071 25.7219682479595 25.7514992267492 25.8414944835207 25.8553123829306 25.7860107378279 25.668165647478 25.5637151990269 25.4448694885649 25.3118677293503 25.1806478641174 25.0568309173868 24.9248173093679 24.838715969373 24.7403526900178 24.6529568781918 24.5411994926772
25.8957857424521 25.86100781806 25.8294933598003 25.7573321786065 25.7287747437391 25.6933899923834 25.6848415585429 25.719052469412 25.7381483151238 25.8751207023977 26.0401847489554 26.1241464513875 26.0492190436783 25.8552422772154 25.8471336529178 25.9750176215481 25.9353929053438 25.8382199888401 25.8095155329317 25.7921442398589 25.7391295392955 25.7311057912636 25.6358219166228 25.5498093156246 25.477710309815 25.4902016717523 25.4799078754062 25.3601005070955 25.3657332026688 25.439712494581 25.5790717697474 25.6501797058973 25.6430053529161 25.5802152763787 25.5059711106446 25.5878961657703 25.6313898662141 25.7007319089666 25.799502525402 25.7232049890013 25.5977067295603 25.4458287876593 25.3257326898416 25.2012176685346 25.0696134044992 24.9273704804507 24.7902604998001 24.6939745282012 24.5655554334301 24.4631300460051 24.3532523411547
25.850027290717 25.8002225119111 25.7252619132798 25.6218222983023 25.6276862834252 25.6472354356164 25.6367083295113 25.6671793345408 25.6940381528022 25.788970589215 25.9319986948089 25.9356754810414 26.0444700761132 25.8378676919434 25.9549645143281 25.9780748616889 25.768386758501 25.5738585437712 25.5520713955569 25.5910365899025 25.5365089469604 25.4440349774675 25.3650437993524 25.3958600341195 25.4068028401299 25.1944809626752 25.1833952463216 25.2238635804302 25.2092411632864 25.3234337601405 25.4796144962465 25.6170953607285 25.6116948905842 25.6009882392127 25.5869443115057 25.6059807989084 25.5898074852799 25.6565617609598 25.7050879583126 25.555596790257 25.3636380120997 25.3222321658004 25.1844599594202 25.0389225170804 24.921729363746 24.8009324460576 24.6371803668748 24.5438643935968 24.3405260224951 24.0759643172818 24.1267853057928
25.7543114599057 25.6645943503911 25.6194597810839 25.600454442686 25.5796077602347 25.6274140758046 25.5820760582346 25.6430387437696 25.5959127095311 25.701106473659 25.8182013873084 25.9302139887068 26.0061510928723 25.9795070260055 26.0110652680321 25.9230755298965 25.7123718654182 25.6933567045126 25.6933074464203 25.6930421846133 25.5429159727303 25.3956226305125 25.2737767519382 25.4455898266555 25.3086962426091 25.1113394076458 25.0696134427455 25.2449244556275 25.2061656094002 25.3140344033253 25.4827053473775 25.5850071851012 25.6475372496056 25.6373081498627 25.6511180509794 25.6660771293435 25.6784481476938 25.64033882031 25.587539048138 25.366530021995 25.317278009406 25.1766104939199 25.0414344325998 24.8876912025952 24.7049182775968 24.625820547966 24.4755492679084 24.3967794332798 24.228717117755 23.9602809645056 23.914876051696
25.6223352344884 25.5573816143176 25.5010727432508 25.5873475105954 25.5859944314175 25.5414337345305 25.5518515186468 25.5981370090737 25.5309527336311 25.6500403927586 25.8538468930104 25.9526309429443 25.9315322131051 25.8392963382603 25.7940975252715 25.7811990193541 25.7653735439174 25.7535073008358 25.7065770830827 25.5409479463707 25.4022453714195 25.319285636428 25.4376961251021 25.4341505248549 25.2661859257738 25.1933970002407 25.1879033459914 25.1497568423144 25.2716392222971 25.3452207532643 25.4859313686826 25.546248007154 25.5791278686462 25.6085128931087 25.6343120558533 25.6409782428185 25.6452252631588 25.59395635576 25.4799521766661 25.356807571656 25.2081237147477 25.0049554325646 24.8497075960515 24.7158259485456 24.567837723742 24.4926477521785 24.3785332266464 24.2511589073917 24.1184121006701 24.0080091989107 23.9783641733765
25.4878960159711 25.4879830180289 25.47476781788 25.6109826876862 25.5585116491458 25.4964229801687 25.4908629398969 25.5605955138776 25.5768994539786 25.6758539055621 25.8030808505531 25.859518749996 25.7220418012265 25.5085280257851 25.409474400223 25.4853581763252 25.4992316409571 25.5780568586573 25.6756037635996 25.5141070345124 25.3350494008437 25.4128107609293 25.3510713908938 25.3287550095115 25.3300414614204 25.1987368965768 24.9900661877026 24.9954101046145 25.2542258316762 25.3328354874617 25.4398137236554 25.4604732131815 25.4499792482342 25.48379383348 25.4940058794667 25.5484327206306 25.5503716081507 25.4941436683714 25.3628170421365 25.1814767948816 25.0330057942716 24.7463247086986 24.713153279182 24.5966961749559 24.5057893098701 24.4878544329373 24.4233566967821 24.3228482465215 24.1575351553177 24.083579437651 24.0268382823274
25.4180709874948 25.3519788665513 25.4111961421162 25.4906520611414 25.5548886792181 25.4291539025476 25.3961951173219 25.3822206958239 25.3843555982677 25.4659112602978 25.7134259275868 25.7292382001321 25.4829620266664 25.2967507099853 25.1000902423189 25.1921325198951 25.3002021845668 25.4689994278898 25.5651024515017 25.5420865105978 25.4660735053541 25.3347310251842 25.185535392717 25.3036117896468 25.1171618156365 24.9072433207489 24.8792849123946 24.8417380236778 25.097928087974 25.2736485934757 25.3138625783909 25.2734680604696 25.1665469873856 25.3112865795896 25.3469897919551 25.2706227237116 25.3550602812555 25.3320191177911 25.2500089798876 25.0864879214004 24.781437622503 24.6150480367996 24.6678681279688 24.6706406844945 24.5868051531546 24.487416852476 24.3413426995194 24.284545153364 24.1780190414431 24.0876991954878 23.9613056068843
25.3071733293847 25.2787461544675 25.4018074238535 25.4590645163516 25.4985935755857 25.4030653209904 25.3140899623646 25.3219492510593 25.3659757499682 25.4676256077583 25.668941919785 25.5832818114573 25.2937538765196 25.0792812628836 24.9083175021187 25.0363586509686 25.0094043858943 25.1121924601333 25.3310975013536 25.4859066871971 25.507973347995 25.3562764910113 25.1879815663831 25.2236886315976 25.0393878283686 24.8743322447687 24.8778633786111 24.8169198907969 25.0065556411465 25.190398839791 25.1238823387839 25.0888535831345 24.9895388621472 25.119584889504 25.229312492819 25.2228451430148 25.1770249092755 25.1078142258158 25.0582956462233 24.8823062117155 24.6899853214435 24.6784142954371 24.6942790142577 24.6593919444395 24.5027162158876 24.3345955652752 24.2414855020416 24.2024399710003 24.0795237106877 24.0599147479004 23.9983662830358
25.2362459849154 25.2417072823797 25.2809444744849 25.3090080202162 25.3604667562988 25.4288896802471 25.3627371689405 25.2228991490027 25.309852602829 25.4953767432957 25.5523935539322 25.4091287806016 25.0630473384133 24.8764406531426 24.8627436091104 24.8759742456125 24.7253462098961 24.8622816888001 25.0924401085421 25.205949801853 25.3477290267131 25.3792151036442 25.3081505244489 25.1929841997069 24.9043156133413 24.8636585513575 24.7348659172127 24.8953894518183 25.0427056628832 25.1051474647079 24.9548132220369 24.8941384635747 24.9746886156252 25.0386918439313 25.0639404430833 24.9377122216692 24.8289085647765 24.8981708449732 24.8121421242476 24.6478766749348 24.4952096107448 24.5814295641004 24.6369212953753 24.5688477766779 24.3709991516671 24.2212569446861 24.0760643285257 23.9579383523129 23.7939629952929 23.9407115174119 23.8613437576727
25.1180118234595 25.1100716703058 25.0971151388053 25.2373061778361 25.2329256586875 25.2718711372974 25.3905014136019 25.3236177345254 25.3388170317807 25.4866172002109 25.433199595548 25.2400811366943 24.9836812270334 24.9039006595332 24.873727686343 24.8282932512928 24.6588456673613 24.8371190014024 24.8783821778475 24.9585580356783 25.1277402023229 25.2575497031205 25.2826621183723 25.1204959371513 24.907153029409 24.8055022071156 24.8322505222446 24.9151004704635 25.0200595069609 24.953343490464 24.8221282042142 24.645863016667 24.7266638943814 24.7545042860848 24.7985021209206 24.7616665827148 24.7507247136488 24.668769626071 24.4796373084995 24.3668574665266 24.4137868147686 24.359547187977 24.471341679782 24.5792903608057 24.3652150354233 24.1384395479755 23.9125298015194 23.7193190362649 23.6185945947122 23.6139772348393 23.5130381394312
25.0560369572961 25.0098800473398 24.9575921139312 25.0705729957731 25.0642316751571 25.1361026614536 25.2269832179581 25.211600181142 25.2785143312205 25.3617511370912 25.367439298405 25.1209341481161 24.8119174598614 24.7571792339 24.9016034282881 24.8380072823659 24.7733692227615 24.7900899263164 24.6938010732083 24.6280198942591 24.8264222754274 25.0147628240905 25.1895934605654 25.0597616021922 24.8570832764294 24.7339970367829 24.9230052100722 24.9360520536065 24.8898498110211 24.7708661566047 24.555572411636 24.5167750505306 24.2730930178412 24.5781295418876 24.8003473492577 24.8147190818465 24.7232920995969 24.5559068368381 24.3178977747778 24.4799434427027 24.5467539488605 24.5596329010489 24.5773817022448 24.4592943114265 24.2056222285208 24.212252341397 24.1064497965653 23.9207782297472 23.7891061906891 23.5813502739713 23.4183019272744
24.9104308420942 24.9481669802662 24.8856193644676 24.9776443181157 24.9717775203011 24.9532025623737 24.9793652762956 25.0420134547491 25.0927169048501 25.2936193743954 25.2278772593128 25.0097910532133 24.7695403747777 24.6081916277933 24.6186042962797 24.701779395612 24.9207156624541 24.8114225326597 24.6398798703474 24.4949434243326 24.6583132848686 24.9027181045883 25.0766910348758 24.8991425307407 24.6269192786757 24.7559935920399 24.8103521122698 24.7150406995127 24.6970376432155 24.5715266505641 24.492281436404 24.5287406876226 24.4361306552744 24.6861821534597 24.7935402688309 24.7770651033093 24.548259350292 24.5641185287433 24.5347386229438 24.5615931896923 24.5471482406791 24.3904881151426 24.4707215823515 24.3856264291229 24.3430759237824 24.3311267878947 24.1236880228652 23.9515368568018 23.8796000436877 23.7074226980323 23.6332080344204
24.821503105856 24.8294271929889 24.8012793546481 24.7695970750941 24.8660144416406 24.8380396832622 24.8290901048376 24.9312955431941 25.0700197297198 25.2088520944963 25.1019178503967 24.8285720383661 24.5278082186521 24.4276123328619 24.5602821453265 24.5326698800068 24.7794944357793 24.8816123715932 24.6919115435419 24.4704927348476 24.5824927525432 24.8463564356404 24.9282942775903 24.8553887815534 24.680230001096 24.6693240141807 24.6519041370881 24.5836068470607 24.5008356298878 24.3279945032005 24.3701096370721 24.6020630925447 24.6314085337498 24.7032405982333 24.722134433114 24.6501498881334 24.2905106058576 24.3565112917323 24.5695752634614 24.5607086758129 24.5105587755396 24.4860312253679 24.4347384714089 24.4003007958165 24.3701906312086 24.3280961387576 24.2251552529183 24.0339116978786 23.849574682814 23.6930589732779 23.5862281206985
24.7698182679657 24.760131515942 24.692918430875 24.6469299362091 24.7147315847389 24.8024377193483 24.8106586100388 24.8316915545763 25.0405805216806 25.1124639993905 24.8803660399091 24.6480008318 24.4232808861094 24.3660263240124 24.4870009224503 24.4977869691301 24.7414205026502 24.7401298731415 24.5489842034978 24.4313017485491 24.5730314269354 24.6415509385071 24.7183658317866 24.6420284761247 24.56198679359 24.4636600910883 24.2992466730319 24.3042643265179 24.2017929181014 24.1807529526055 24.3473501517985 24.5129608865102 24.5848349589183 24.6208753861181 24.6089097173611 24.5858775255692 24.4971408967363 24.4515364022828 24.4468617750054 24.4101489178579 24.3972485806208 24.3631448858252 24.3301912187174 24.2723536580971 24.244678034126 24.2218737160701 24.1693702029872 24.1015745114402 23.9382268837376 23.7183383318683 23.6817339256727
