Climate_data/Aus_bio20_Equal_10km.asc
NCOLS 560 
NROWS 490 
XLLCORNER -2904860 
YLLCORNER -5334205 
CELLSIZE 10000 
NODATA_value -9999 
[rows 286 to 307 of 490, columns 204 to 254 of 560]
20.4168338949096 20.400353394619 20.3828977093956 20.3639053136681 20.344824046711 20.3256138510614 20.3068967373055 20.2892513625965 20.272436104041 20.2573045004873 20.2430447643953 20.2303778443407 20.2180402793556 20.2066172428006 20.1947596381538 20.1831295507541 20.1704129393786 20.1576221513264 20.14328344523 20.1286153147961 20.1124173836109 20.0960669155051 20.0786403323242 20.0616162033628 20.0441177877138 20.027160417588 20.0102267928669 19.9939928437268 19.9782348360658 19.9633784694552 19.9494243421851 19.9363932777667 19.9244755404512 19.9136744460889 19.904312299763 19.8964363155207 19.8903888831638 19.8859415245901 19.8832814075611 19.8823251419108 19.8830439266769 19.8854408898829 19.8893867954015 19.8946865264495 19.9009045988564 19.9081552345805 19.9159148279014 19.9243921773632 19.933174037749 19.9421432846292 19.9505601274094
20.3946223997629 20.3771441543689 20.3576416786751 20.3370905700771 20.3160204313413 20.2949602636018 20.2748063069868 20.2554280355275 20.2379335569107 20.2215332462701 20.2072830825824 20.1939043894198 20.1819028484195 20.1699740918811 20.1585455640355 20.1462416579539 20.1338061932776 20.1199308344077 20.1056534554646 20.0895690508273 20.0732596491193 20.055335952124 20.0377120961953 20.0190925946597 20.0013004361435 19.9828017251152 19.9655349710468 19.9479099466498 19.9317070181409 19.9156003447486 19.9011053594617 19.8868647738478 19.8743106105326 19.8623976256925 19.8523412688352 19.8435382399969 19.836859028252 19.8317400634058 19.8285736582014 19.8272741181196 19.8276442421322 19.8300184918735 19.8337382400581 19.8392393612208 19.8452643715458 19.8528122625156 19.8604047506785 19.8693452177732 19.8780563958081 19.8876953898627 19.896229046505
20.3727253657479 20.3535452249378 20.3322897986769 20.30982489395 20.2864687274123 20.2637601524477 20.2412982903606 20.2208544788321 20.2016466212212 20.1849445049154 20.1697161744345 20.1566433331305 20.1442059528508 20.132796109481 20.1209519982331 20.1090739663301 20.0958176000978 20.0821040010157 20.0665114769819 20.05037516685 20.0323671069008 20.0143480159854 19.9948854263419 19.9761544027444 19.9564956490773 19.9379395497358 19.9188655683936 19.901194730169 19.8832926173449 19.8670326149458 19.8509226539315 19.8364104010039 19.8223015439111 19.8099532395851 19.7985370724455 19.7892189257243 19.781489476693 19.7758391695927 19.772034441421 19.7702851400246 19.7704591112648 19.7724869940211 19.7763291380003 19.7815457933219 19.7877954645709 19.795080738973 19.8029226691939 19.8116945665809 19.8208067610904 19.830576204733 19.8395971676009
20.3508217403979 20.3298359214366 20.306950815561 20.2818562150008 20.2567588678358 20.2311296778674 20.2072993377916 20.1845081453581 20.164579792079 20.1465310792538 20.1313758575535 20.1177562494344 20.1058682440614 20.0942389749517 20.0829425486456 20.0706089472692 20.0576156381635 20.0428883946083 20.0271897784603 20.0095545549106 19.9913014568507 19.9715289750085 19.9517625531412 19.9312209930576 19.9112502698457 19.8910425912749 19.8716673917197 19.8525084238269 19.8342232185056 19.816629299348 19.7999444837431 19.7841726724049 19.769276789745 19.7557672801425 19.743453556577 19.7331269846003 19.7245542542791 19.7181460412066 19.7137047799614 19.7114240903769 19.7113349595359 19.7130093441288 19.7169278402125 19.721822971356 19.7282833058925 19.7351157051623 19.7432186550666 19.7516196859462 19.7611080026676 19.7706636920773 19.7802907090966
20.3286627395675 20.3065915780797 20.2809525824157 20.2542734700785 20.2257772286896 20.198460574748 20.1714607256385 20.1476135669553 20.1256296978399 20.1072797015385 20.0912694832992 20.0781023627702 20.0660476502524 20.0550676485393 20.0437178407001 20.0317935137525 20.0182121720282 20.0033891478997 19.9865135574685 19.9683719092502 19.9486733842222 19.9281898371469 19.90697635628 19.8855905445593 19.8644177226933 19.843230228641 19.8229611955705 19.8027605491979 19.7838267887868 19.7650045011178 19.7477713941397 19.7305210559516 19.7150373216568 19.6999795502752 19.687055656134 19.6753330675157 19.6661290034676 19.6586731821178 19.6536385309793 19.6507941349042 19.6502450973296 19.6517629237729 19.6553617922303 19.6602802413085 19.6664738334708 19.673107218952 19.6810691730937 19.6891265356693 19.6987463728868 19.7079449775386 19.7178734793253
20.3072351643572 20.2827599415206 20.255918360278 20.2255887907029 20.1953452377203 20.1641506685299 20.1356750843023 20.1086939431255 20.0860170422015 20.0661869719806 20.0503759098029 20.0368794177974 20.0255140982842 20.0146801522422 20.0039278536579 19.9919117509943 19.9783760874642 19.9627696897326 19.945210433389 19.9259679346109 19.9051400089709 19.8836618199628 19.8610241046928 19.8389307863267 19.8161031667325 19.7945422298957 19.772556193647 19.7522901088797 19.7316310221008 19.712762153925 19.6937503411028 19.67619598381 19.6589368648242 19.6432574243869 19.6288466671613 19.6163221898104 19.6060147031485 19.5977132974287 19.5918615571747 19.5884308526278 19.5873436329332 19.5886437722127 19.5917698079161 19.5967716616108 19.6024460815399 19.6090836177594 19.6164212327191 19.6245267013301 19.6335892894872 19.6426481088127 19.6521374880053
20.2852960960541 20.2600192414501 20.2300001702856 20.1981161135762 20.1636477552717 20.1305495501826 20.0978931645275 20.0695945294091 20.0443475465253 20.0244139611626 20.0078114601047 19.994909224422 19.983663147411 19.973563501921 19.9630794346138 19.9513981806166 19.9375646165119 19.9212898818273 19.9029229813803 19.8822613013832 19.8607793078026 19.8374858088647 19.8145317567984 19.7903737844958 19.767411244258 19.7437969070458 19.7218604641364 19.6998094408543 19.6790568512923 19.6586594879207 19.6391386412125 19.6202600407177 19.6018295982992 19.5851291968624 19.5692823114028 19.5559999143386 19.5443440326777 19.535403939169 19.5285365075162 19.5244937190585 19.5228982115303 19.5236375432986 19.5264175676958 19.5310179264138 19.5362975158808 19.5428701838367 19.5496714336463 19.5577414200519 19.5660686518741 19.5749782255504 19.5835682752428
20.2641894345329 20.2368019262065 20.2053952240395 20.169620965062 20.1331092728258 20.0952939655462 20.0606445256738 20.0285247626413 20.0024894063049 19.9809717500795 19.9647855428091 19.9516564816155 19.9410759688655 19.9312721649367 19.9213566036134 19.9099036599227 19.8957157611131 19.8789069839655 19.858966620865 19.8378152570675 19.8143557094279 19.7909584145792 19.7658509926154 19.7416711425888 19.7166642261239 19.6928141069368 19.6694283480954 19.6468266557118 19.6250800289999 19.6035140281471 19.5834099964799 19.5627801805085 19.54385714617 19.5252422982918 19.5088914509191 19.4940185911779 19.4816469772428 19.4716064446685 19.4640029404657 19.4591777460905 19.4569435273954 19.456999213866 19.4594571302367 19.4633414454858 19.4685132841213 19.4745711863252 19.4812008398325 19.4888470741882 19.4966016214488 19.505184599571 19.5129012337324
20.2428767220097 20.2144802159952 20.1804654267822 20.1427532911167 20.1019637149251 20.0614739788236 20.0219268448737 19.9878759606097 19.9590730723723 19.9375744126923 19.9206335782905 19.9080171516974 19.8973825997408 19.8879820170976 19.8783623748545 19.8670669325995 19.8528316512085 19.8345304812356 19.8141218077693 19.7909608806564 19.7674463699523 19.7420467251482 19.7169736151569 19.6910917436017 19.665639575549 19.6406464847016 19.6161554501113 19.5930971167062 19.5696099108697 19.5478078645499 19.5256705406972 19.5047494712176 19.4840617180222 19.4646950664601 19.4470445575032 19.4309567205169 19.4177590133689 19.4064847090014 19.3982631412635 19.3925480637134 19.3896167987141 19.389046568281 19.3909311779822 19.3942448505518 19.3992216709336 19.40470565388 19.4112928275791 19.4182190294208 19.4257243395695 19.4335538661344 19.4406862341647
20.2214250964558 20.1922872883646 20.1563907812286 20.1158602228435 20.0723023892555 20.0273886089191 19.9848564055961 19.946271163435 19.9164781935929 19.8934760409481 19.8769413822021 19.8637448601776 19.8531096503346 19.8433854528812 19.8336440180851 19.822600315921 19.8075721619388 19.7887189794959 19.7663655395523 19.7431992537233 19.7179324324818 19.6925688933786 19.6662181247499 19.639793006755 19.613822454458 19.5874202706048 19.5628153356453 19.5377208419363 19.5140716051372 19.4903375230116 19.4675226069911 19.4453169698518 19.4233096409581 19.4032513862144 19.3838101877179 19.3671546569814 19.3524154077155 19.3404666650906 19.3312290340057 19.3247471935669 19.3210690760792 19.3199648340045 19.3211667327963 19.324189851984 19.3285693304937 19.3337571786708 19.3400525244606 19.3463690709031 19.3536874233456 19.3607246316423 19.3675604125868
20.2001448762018 20.1697587080927 20.1331003173279 20.0898306627776 20.0435751434157 19.9955089291803 19.9481930753563 19.9067373214023 19.8739964003061 19.8512134355976 19.8334939616232 19.8199191029649 19.808107259218 19.7975199460523 19.7868937510238 19.7748000808435 19.7595211340246 19.7392615834592 19.7171069545571 19.6924876299711 19.6673392420769 19.6411332004368 19.6141804258355 19.5877687906739 19.5603895749235 19.5343909694891 19.5078018538509 19.4824861508757 19.4572643521728 19.432346015654 19.4086846657719 19.3846165920423 19.3623115535859 19.3402975474399 19.3202576977509 19.3021673292414 19.286254646899 19.2734516467015 19.2630595780984 19.2559552843918 19.2515447268393 19.249853914947 19.2505101918214 19.2532276585719 19.257029636297 19.2621059232803 19.2677791400972 19.2738229973961 19.2806854808203 19.2871400794755 19.2937693371833
20.1770687448116 20.1474581057519 20.1086254234031 20.0651238310769 20.0161579026485 19.9658241906758 19.9158074888562 19.8696733382995 19.8355711379806 19.810905960038 19.7922086853579 19.7763617395324 19.7629547749211 19.7504302938718 19.7379184712716 19.7243323957785 19.7073717552559 19.6876303205766 19.664550227022 19.640315353121 19.6146760132612 19.587956233873 19.5613847088741 19.533664210908 19.5069742120753 19.4794741777505 19.4527047446788 19.426312536372 19.3995414744842 19.3742573344174 19.3484806438944 19.3240992140226 19.3001421640523 19.2770780411312 19.2560525562234 19.2361996187272 19.2196229877116 19.2053363099885 19.1942231367127 19.1862719389189 19.1812367474477 19.1790117950447 19.1793424680551 19.1815342996099 19.1850030024527 19.1898122094026 19.1949569563422 19.2008709318503 19.207085715675 19.2132741213023 19.2195827786386
20.1528324741955 20.122555049488 20.0845978156544 20.0391917021396 19.9907627491915 19.9387230596081 19.8874719449183 19.8402428512396 19.8024801516875 19.7750423801145 19.7524318373125 19.7340484802758 19.7174586828329 19.7023709512253 19.6875707555366 19.6714705446245 19.6537715578508 19.6329372594338 19.610390520631 19.5858658457781 19.5599593173973 19.53391013785 19.5062672769607 19.4794281832199 19.4516850366836 19.4241175231772 19.3969108892554 19.3689240223949 19.3421477798124 19.3147941994031 19.2885650548729 19.2629919554806 19.2374269958987 19.2138520730175 19.1907924607279 19.1702516451779 19.152227103089 19.1366723418676 19.1247924821688 19.1159018833981 19.1104478778321 19.1077420181829 19.1077703596703 19.1095228977598 19.1128530209889 19.1171169561153 19.1219837487712 19.1276300534379 19.1333457368932 19.1394373521959 19.1452709643199
20.1236650779679 20.095200020068 20.0574317102002 20.0141917318723 19.9649294611179 19.914396211424 19.862445834009 19.8146734398235 19.7744539589456 19.7414209742456 19.7150319965117 19.691893490287 19.671997088065 19.6535531329351 19.6356514877578 19.6177864818131 19.5979707901917 19.577089880857 19.5540106511141 19.5294063336752 19.5042229320748 19.4773202877435 19.4507893995987 19.4232726213791 19.3956516258106 19.3681980927704 19.3395920293768 19.3118943346782 19.283448225777 19.2554543187311 19.2284609206478 19.2009917981518 19.1752244431663 19.1498213547368 19.1258122359503 19.1041370169062 19.0842273696471 19.0679598731289 19.0548081379047 19.0453260465098 19.0394087203065 19.0364089348777 19.0360731804006 19.0375525493397 19.0406106571922 19.0444265891309 19.0491798468117 19.0542887577878 19.0597531844399 19.0657204190416 19.0712299138311
20.0885983626962 20.0627409487322 20.0282016636643 19.986086175684 19.9400001286327 19.8892576932625 19.8390296356276 19.7901433371568 19.7466270170019 19.7097705097316 19.6774438396588 19.6503412598788 19.6257615286007 19.6036707615879 19.5830374279348 19.5622208379364 19.5414821346463 19.5192900106825 19.4959941910893 19.4718186478827 19.4459726861755 19.4202502392074 19.3932730210255 19.366141256671 19.3390231818248 19.3105227290982 19.2825948958118 19.2537451437394 19.2245820695921 19.1962508834579 19.1673879166003 19.13984200229 19.1126107803841 19.085827650767 19.0611896619998 19.0374807543608 19.0168065520852 18.999120030283 18.9847075346475 18.9748396152022 18.9684739653938 18.9652811036583 18.9646192274695 18.965941867435 18.9685234543352 18.9720537393467 18.9765580016309 18.9812166223856 18.9866108255608 18.9922187919393 18.9976242695773
20.0487631039586 20.0263077663727 19.9953064647944 19.9570644872127 19.9123596075287 19.8646722124442 19.8137064650092 19.7646498770399 19.7184210104788 19.6764157204351 19.6401415562888 19.6072586312657 19.5787296270414 19.5527440885785 19.5285135597214 19.5059744509912 19.4830505801246 19.4602956279151 19.4367733698808 19.411915271131 19.3871301995412 19.3610704704158 19.3347427091721 19.3083283351043 19.2805828388606 19.2530534150109 19.2244420652449 19.1950814832968 19.1660947432042 19.1360418549027 19.1070653028428 19.078490093115 19.0496808737006 19.0227371069854 18.9962897936162 18.9716629594008 18.9499112201523 18.9303437577792 18.9152702485343 18.904715334902 18.8981389301754 18.89472189508 18.8938020280647 18.8948050482055 18.8976604038502 18.9047199167043 18.9109017504935 18.9196022454808 18.9305380261296 18.9425626032271 18.9527024340466
20.0046989683527 19.9862665317279 19.9590212842853 19.9244621617126 19.883471790896 19.8365247080235 19.7874669844729 19.736294043612 19.687515282935 19.6420645911706 19.5999576702822 19.5633098618689 19.5297281910315 19.4998104831756 19.4729754425667 19.447415793099 19.4235914017141 19.3997817429646 19.3754434154276 19.3512857173628 19.3260676205173 19.300846312144 19.275285265789 19.2486212800693 19.2221482046214 19.1943729812698 19.1655396426615 19.1367353731929 19.1063497709611 19.0763524786143 19.0467373263412 19.0164806507899 18.9877902342265 18.9594645134221 18.93192189796 18.9068796412345 18.8833963518116 18.8629840244951 18.8467684936314 18.8379437591783 18.8390929298239 18.8417950257518 18.847763938863 18.8561882532459 18.868748821898 18.8742942810059 -9999 -9999 -9999 -9999 -9999
19.9570901039629 19.9418955985544 19.9193605363929 19.8884950499455 19.8507325131981 19.8067351730887 19.7566441848461 19.7054530323989 19.6533607086828 19.6036872266408 19.5583014824293 19.5159412487418 19.4787425550638 19.4451430654247 19.4146371343054 19.3876420735753 19.3619682295714 19.3373387940884 19.3131292949021 19.2883220003792 19.2640066222395 19.2394560603982 19.2139398508091 19.1887896292862 19.1623213023354 19.13480136277 19.1068433125193 19.0769993901731 19.0468401298674 19.0165749973927 18.9855052920761 18.9555021213767 18.9258015440955 18.8962369587465 18.8688140652901 18.8425333928101 18.818407092013 18.7994289459939 18.7987505736519 18.8089813243292 -9999 -9999 -9999 -9999 -9999 -9999 -9999 -9999 -9999 -9999 -9999
19.9050911608376 19.8937589827956 19.8747490017088 19.8487324190848 19.8143255888034 19.7719460093062 19.7233411594679 19.6692399923767 19.6153810633944 19.5624146844714 19.5118925422669 19.4666567718265 19.4247337045108 19.3874609399535 19.354725006066 19.3248048723194 19.2982820405757 19.2732318388938 19.2482435077163 19.2243589093624 19.200457870093 19.1762433225323 19.1522896525585 19.1273100409199 19.101633639951 19.0752191967277 19.04662198461 19.0172824542307 18.9871699441696 18.9555776875904 18.9249058545825 18.8942198735124 18.8632975923006 18.8342009694106 18.8059642066397 18.7789881328031 18.7626193461496 18.7680888203188 -9999 -9999 -9999 -9999 -9999 -9999 -9999 -9999 -9999 -9999 -9999 -9999 -9999
19.8487366250609 19.8404818240935 19.8255904900461 19.8031285951687 19.7730665715188 19.7330679668628 19.6832826598034 19.6291879776902 19.5719322583785 19.5161002182725 19.4631309126243 19.4128659083158 19.3681196826014 19.3276244938434 19.2913119520782 19.2602355947538 19.232111300025 19.2063275047171 19.1823070843686 19.1585432496739 19.1352901640486 19.1124677371112 19.0887810384294 19.0649845992017 19.0405443232447 19.0139974328966 18.9863445964606 18.957222669245 18.926049589381 18.8950511185261 18.8638873607146 18.832117989489 18.8017621148889 18.7720988940058 18.7478702960948 18.7409447344337 18.7403592076283 -9999 -9999 -9999 -9999 -9999 -9999 -9999 -9999 -9999 -9999 -9999 -9999 -9999 -9999
19.7874687622004 19.7820157209583 19.770091036841 19.7515526528797 19.7247157083069 19.687403484092 19.6379304969851 19.5813637910584 19.5238536907299 19.465529812421 19.4090078531059 19.3570952122667 19.3081807636575 19.2644246605245 19.2264501199498 19.1927877025077 19.163966129595 19.1384975245674 19.1142952234759 19.0915264647765 19.0693706584332 19.0468500177469 19.0245509264179 19.001869462671 18.9777126608265 18.9525424820917 18.9254086185855 18.8955550521766 18.8650585152064 18.8337400829676 18.8016257136407 18.7706428280247 18.7458956947266 18.7319462498421 18.7303724291906 -9999 -9999 -9999 -9999 -9999 -9999 -9999 -9999 -9999 -9999 -9999 -9999 -9999 -9999 -9999 -9999
19.7212851311709 19.7178240862512 19.7082003028997 19.6916979974272 19.6677153662355 19.6318977581915 19.5831371702693 19.5279682962413 19.4686302790908 19.4098821051137 19.3523390521195 19.2966832089827 19.2459381389548 19.1995321953199 19.1583386656629 19.1241294225358 19.0947456314382 19.0689078986038 19.0457731535125 19.0236266558781 19.0018484015286 18.9806780972847 18.9591711360346 18.9369954386292 18.9143978648087 18.8900160451944 18.8627421816033 18.8337611782934 18.8029831728006 18.7722062058876 18.7502159641858 18.7356000064906 18.7305550913595 -9999 -9999 -9999 -9999 -9999 -9999 -9999 -9999 -9999 -9999 -9999 -9999 -9999 -9999 -9999 -9999 -9999 -9999
