Climate_data/Aus_bio2_Equal_10km.asc
NCOLS 560 
NROWS 490 
XLLCORNER -2904860 
YLLCORNER -5334205 
CELLSIZE 10000 
NODATA_value -9999 
[rows 286 to 307 of 490, columns 357 to 407 of 560]
13.7240103764023 13.6853000587635 13.6396793741804 13.5863361046123 13.5325855078434 13.4319832180061 13.3418817367448 13.4759995898918 13.5216378014885 13.5333964018879 13.536345505251 13.5637887609508 13.5483282585692 13.5878317672317 13.604952116018 13.6316494123692 13.655069979374 13.6702470379087 13.6793907617824 13.7036285759946 13.7055941897667 13.7246125119201 13.797522642889 13.8829662698716 13.9499052540684 14.0751708770069 14.1798055570406 14.2878114002209 14.3867986098598 14.486212191135 14.6044181173678 14.6237252398221 14.6168236058808 14.595028218919 14.5653841413098 14.5475265181766 14.5121135905722 14.4766649292802 14.4437063131274 14.4034267549206 14.3586518013956 14.3392772569472 14.3005812649849 14.2635345028319 14.2593120924567 14.2554330992831 14.2273018322259 14.2093252663441 14.201384921429 14.1801113731112 14.1829299873731
13.742905738292 13.7426665725823 13.7025296615368 13.6387808320761 13.5949516804803 13.5356888202269 13.4491999264348 13.5314556374635 13.5632668729437 13.5487977600594 13.5546218668059 13.5829437008239 13.5850663060506 13.5940972334492 13.6062223372215 13.6261569416902 13.6123540835312 13.6040725711825 13.5356628136131 13.649727392936 13.716459308819 13.7648027572984 13.8247179270772 13.9053746115973 13.9620486137873 14.0492179572424 14.2208191869512 14.343264450395 14.4544793842739 14.5297879430253 14.5783532092576 14.6004585457012 14.6000293857025 14.5865873019901 14.565589305135 14.5454245788206 14.5087709170743 14.4775504777709 14.4435931763157 14.4048645618753 14.3742108440942 14.3476318797675 14.3073228585821 14.2757033893369 14.2719996801758 14.2636047689914 14.2376840119222 14.2166235179243 14.2150565977074 14.2101099647641 14.2092859157198
13.8082025976531 13.7865131459227 13.7183022094178 13.692042691263 13.6493562909255 13.615194722924 13.5403160971567 13.5424234458142 13.5717054212677 13.5612565661174 13.5553421626697 13.5697238953359 13.5672097870735 13.5743864365994 13.5919245996886 13.6140942682654 13.6368502260647 13.5871052632943 13.6288112587141 13.711198041608 13.7457427644425 13.8117752964363 13.8670352837752 13.8996216557525 13.9660398465509 14.0397194197276 14.1984667380233 14.3544592602082 14.458260504297 14.5218998847439 14.5600413546888 14.5819537816198 14.5862956525435 14.5776018560904 14.5669382106449 14.5539595920368 14.5075540737521 14.4762938558673 14.454330391074 14.4156490839806 14.3581264065304 14.3331571426788 14.3134010053952 14.300418328813 14.2888535428925 14.2622647693639 14.24279296819 14.2274738536181 14.2259419543788 14.225060883685 14.2260943631263
13.8252123429878 13.7942686072914 13.7617278840429 13.7312990837586 13.6789223461647 13.6656526872308 13.6304734832216 13.5657146939569 13.5492651844488 13.5377086230691 13.5338818611651 13.5064987580527 13.5291356948383 13.5395175956835 13.5679241306298 13.5891164443901 13.6143961540371 13.6558168708583 13.6874375462843 13.6716423810037 13.7053767049129 13.7527452630011 13.8373072840272 13.8889606911454 14.0062008109662 14.127503099788 14.2711339794616 14.3875728614643 14.4594373051168 14.504962828325 14.5374561954719 14.5467798648672 14.5552807543595 14.5613125793362 14.5660292714825 14.5468850455012 14.5207457849934 14.4357118412505 14.4031496359828 14.373397660751 14.3743390054493 14.3265118074095 14.3408401755184 14.3207161234108 14.3059207534197 14.2774857005169 14.2543131061387 14.2325214734971 14.2330533854956 14.2370482345558 14.2363810432153
13.8633288424349 13.8155575706031 13.7850700289874 13.7578303378606 13.7173942620531 13.6821632966364 13.6491551217354 13.6210287768234 13.5570090529976 13.4978206112761 13.5149675142251 13.4348464232704 13.4486642372445 13.5267194606404 13.5355376508993 13.5508337233408 13.5692338586162 13.6337019197424 13.6483798996114 13.6320267734535 13.6421191591262 13.6865912768167 13.7594960558844 13.9173971368918 14.1025564087466 14.1969403549814 14.3219962306616 14.4000921874219 14.4502489408446 14.486680569814 14.5218981211319 14.548404931855 14.5535677692357 14.5554277252034 14.5466632676194 14.5292690320348 14.4893922074958 14.4466207489151 14.4059604138039 14.408517792448 14.4180381288567 14.3874834772049 14.3595420823391 14.3475084928465 14.3215966069991 14.2937925936383 14.2687940740342 14.2538276770946 14.2488865025885 14.226941512761 14.2262702557486
13.8661827089485 13.8255929117341 13.7987851811672 13.7596752108901 13.7237058662366 13.6660714186952 13.6149042303389 13.6305122158 13.5811647390278 13.5093334573553 13.5109074625237 13.4527209889001 13.3600368315064 13.487183647603 13.4949422484189 13.5111815634025 13.5212823413328 13.5951357507114 13.6558509409704 13.6652506380416 13.6589998555655 13.6982926760862 13.8858683152217 14.0082844348801 14.1326600422031 14.2373893347677 14.3303170888238 14.3739773221189 14.4397252960652 14.4700314989704 14.5099954624895 14.5224237499602 14.5474693552604 14.5501197503285 14.5353007678529 14.5071489401733 14.4605339250243 14.3897778141849 14.4251345992716 14.4497872204579 14.4298296201399 14.4100703702302 14.3831433533883 14.3571768449209 14.3215047684222 14.3043644945346 14.2804800479264 14.2682559254669 14.2653619156215 14.2357052609303 14.2131828322
13.8890135730525 13.8407056681989 13.7904246636182 13.7399794053198 13.6937123760406 13.6089548381065 13.571616574839 13.6158937833347 13.5990263654985 13.5296106055198 13.4675263175436 13.4367756513869 13.4105204004794 13.4349365816427 13.4641907454937 13.4753049055833 13.4846894919762 13.5618301543355 13.6147298859623 13.6348951722267 13.6588227840892 13.6575701994676 13.8908997741631 14.013668257188 14.1364544230943 14.2484377757663 14.3186123114933 14.3722332021243 14.4262685072207 14.4528450435089 14.4762658619002 14.5053032499531 14.5355542898748 14.5330516717367 14.4639311299668 14.4476228802254 14.420499166982 14.4010972899892 14.4602449842369 14.4696389345561 14.4407461641354 14.4107865870921 14.3868627943131 14.3494463751139 14.3189615051584 14.2930546393086 14.2690477873355 14.2711373409363 14.2660053020316 14.2479967446156 14.1895306716323
13.8943140342182 13.8344753738122 13.7738043083024 13.7225593566227 13.6593227755771 13.5762454298521 13.5475568719405 13.6019825406524 13.6135201523173 13.5643532795451 13.5102838093853 13.4601741149299 13.3875050096531 13.3547081847289 13.4251273108686 13.4334333009704 13.4423471261763 13.5237129119166 13.5819538620227 13.5685178196324 13.5239858394464 13.6323727027441 13.7541612933052 13.9726823169217 14.1722596807492 14.2617898685736 14.3204628421295 14.384667648416 14.412583429272 14.4495401096817 14.4799477006094 14.501744690169 14.5105415981384 14.4775160171977 14.4628242337155 14.4750097162963 14.4876017509295 14.4935729810356 14.482311310414 14.4282748868506 14.4171718394548 14.3805765771901 14.3729268377244 14.3303408344532 14.2978323808363 14.2770614740487 14.2547029072448 14.2651553238402 14.2629248621284 14.2553545062401 14.2103740047504
13.9134000469038 13.8335965915824 13.7560005430963 13.6977617012139 13.625581604494 13.5444466303781 13.4729506963102 13.5913428396864 13.6420907638879 13.6057664519857 13.4640304488676 13.4337646117693 13.4189384251 13.3992317978327 13.3641435288967 13.3527879864933 13.4399012675864 13.5123312700815 13.5658185899699 13.5758104492728 13.5252124255222 13.7210899702083 13.8925426001821 13.9617357778682 14.207819818853 14.2635377611448 14.3319970597859 14.3904376172757 14.4059525785921 14.4563033626551 14.491173332762 14.4974217484752 14.5096346862882 14.4938641560508 14.5045998352373 14.5104298656707 14.5063911106371 14.4957467840317 14.4792766643306 14.4301698077718 14.3912758647241 14.3470474643075 14.3473458673229 14.2837173302841 14.0133367774533 14.2478023063043 14.2581506555132 14.2695331571707 14.259882158656 14.2415051738194 14.2130048114317
13.9035442458405 13.8385645391209 13.7574678506556 13.6630079005253 13.5665498648727 13.5018701567416 13.4609420598225 13.6172243190181 13.6477650768818 13.6175716398925 13.5202052877226 13.3492640234 13.4368626634536 13.4510580849242 13.320134536354 13.350032681253 13.4739692481797 13.5326431636982 13.5742619450425 13.5900808417053 13.7365471019223 13.865094855539 13.992194818277 13.9958822968666 14.2274580304532 14.2772407256306 14.3354713734308 14.3979639429925 14.4251253941181 14.4452860004922 14.4873411593892 14.5046457448693 14.5107507501578 14.5101026152243 14.5150713184467 14.516127475627 14.4747309001858 14.4830483521496 14.4063805122591 14.3859411247675 14.3944107213838 14.3454890833669 14.2908577791382 14.2143401710099 14.1169755031573 14.2280009720254 14.2414333911976 14.2554385425047 14.2438374965404 14.2265092052746 14.2158195854606
13.9017882141534 13.8195587373002 13.7226001709411 13.5527141483786 13.4750465310399 13.4532089105786 13.4530349982573 13.6255969176866 13.6520760654147 13.6333569262322 13.5907616814317 13.5538859533529 13.5037593252434 13.4180074850462 13.3304826997107 13.3433969732086 13.5374767659739 13.6017515802378 13.6491246592555 13.6478504370882 13.8058215013115 13.9747574057056 14.0848286248726 14.1585791037196 14.2243808381533 14.2251414888301 14.2430673984841 14.3777955081344 14.4367047982381 14.4650853183471 14.486004828302 14.4770006103715 14.4828871219534 14.5123425865972 14.5041178692507 14.4966961053766 14.4111946683126 14.4125856736234 14.2796700065303 14.3750643346246 14.3648683076292 14.3237110103887 14.255066734808 14.1602638694403 14.1922143999531 14.2308043271426 14.1890648041564 14.1970966142032 14.2375655774046 14.2202734590177 14.2096674947826
13.9013212211209 13.8003813591489 13.7108938645936 13.5350602528403 13.4308069230605 13.4755395975384 13.5067868989453 13.616454586392 13.6543395525564 13.6581455043531 13.6085034641254 13.5120645559233 13.5112328298041 13.3697960148165 13.2493463617758 13.3923777823452 13.6227647717879 13.6775978984845 13.751415754135 13.8296759379079 13.9333619114913 14.0520925135451 14.147895540128 14.2342878652849 14.2638476019655 14.19733875646 14.2643123239043 14.3109772921962 14.3514668641733 14.4720001768937 14.4855558498505 14.5008639324653 14.5037487294525 14.5098600488234 14.5011053931189 14.4884339480685 14.4586194217474 14.3970369148141 14.2292503712607 14.3250400911083 14.3223600938342 14.2648450514296 14.1989112530573 14.1325996047653 14.2043656374565 14.2071379080283 14.1034372853659 14.1443616803585 14.2116639278766 14.1630465400694 14.1996591832938
13.8939740280997 13.7543823943078 13.6764073093032 13.5009915631017 13.3847785913847 13.4477315309787 13.4958077946903 13.6107138001116 13.6652466708497 13.6949132546946 13.6331495316377 13.4222459218271 13.4443587855867 13.4027138708985 13.4284723690856 13.4887447742182 13.6053477294562 13.7199495300036 13.8497207190704 13.9287652120777 14.0222552740323 14.1224391231497 14.2086203084873 14.2792824138214 14.3156487332886 14.3195144076575 14.3849577752488 14.3447956326029 14.3803416801135 14.4760156466131 14.4923471514054 14.4987983968695 14.4942726132364 14.4972903499019 14.4827653318557 14.4590494889908 14.4220117131502 14.3672182776997 14.215572238756 14.1631361024611 14.2721152567764 14.2190361479769 14.1679948371027 14.1411745815296 14.2060271778474 14.1630519331886 14.0783629760367 14.1327311690854 14.1709288490903 14.1136685447039 14.184166766666
13.9058484219105 13.7581433633722 13.6549882552435 13.492439969782 13.2796623394222 13.413122539052 13.4995403044564 13.5379251075467 13.664876737135 13.7015580962609 13.6746657023756 13.510205022675 13.3378353119875 13.5365646861675 13.612768045428 13.5360138544208 13.5785996314579 13.8260521303042 13.9509577199383 14.0403769699482 14.1254752759702 14.2144427301464 14.2810635096894 14.3380569463167 14.3402376047324 14.3947291383878 14.4278353023074 14.416583322942 14.4630878749483 14.4754488733655 14.4890074232587 14.487623540415 14.4896537510001 14.4786191101723 14.4561022137699 14.4293206254828 14.3936821301191 14.3303621685011 14.1487696558911 13.9633190958759 14.1428606347826 14.1638006949264 14.0775991003747 14.1306574719675 14.1787089632062 14.1099081042824 14.0481501133277 14.083627267522 14.0884514990208 14.088326166373 14.16458360052
13.9160371516533 13.8040566915924 13.6625430695329 13.429473453812 13.2011304056929 13.3668032035236 13.4436519285211 13.5183087212905 13.6357887029455 13.7210752527963 13.7311944360259 13.6204369896801 13.3665560880519 13.5079506180051 13.7079209230747 13.6908108743775 13.7716796495923 13.9544164611575 14.0623151680086 14.1596395797175 14.24303533665 14.3080539788361 14.3323122238261 14.3782062526545 14.3847883680281 14.4286597458166 14.4368004925136 14.4543100099564 14.4862349561325 14.4879768567981 14.494246559088 14.4822232450369 14.4834060154989 14.463491925033 14.4304556968212 14.3897751750862 14.3596659168019 14.2825231797217 14.082383383593 13.9149699607335 13.9186318181797 14.1032050612431 14.0785997026516 14.0808419530311 14.1448266163456 14.1294848215024 14.0772290402238 14.0146198045701 13.9845137573515 14.0567391190372 14.1318627578377
13.9274440513021 13.8196720460063 13.6548529733856 13.3645274687967 13.2457575486464 13.273262603506 13.4132140902072 13.5421779402474 13.554744467956 13.7501305386556 13.8039499553089 13.7407063210937 13.6341916399788 13.6139632248095 13.7696670203833 13.8301664520195 13.9110551911205 14.049762247817 14.1589503527712 14.260458755081 14.3399731543059 14.3206360815205 14.36268257701 14.4509122692663 14.4562282012086 14.460044316424 14.4734136221356 14.4892139895438 14.4976363676513 14.4909919666942 14.4937344887696 14.4764153639533 14.4696956897698 14.4548690954581 14.4211270717017 14.3809839586818 14.3299408632985 14.2455047316239 14.0058529939026 13.9666589949728 13.8645010586056 14.0556756790409 14.1126345781528 14.0853574656935 14.0678021239978 14.0873865351312 14.0518622976082 13.9470475322976 13.9315557461515 14.0034701170352 14.0858430764248
13.904709692624 13.8119451582705 13.5547331214642 13.2862502730802 13.22684438277 13.3042312166668 13.4287559418756 13.5191911441241 13.5744834957315 13.7445767058 13.8389323625108 13.8439224158758 13.805598764694 13.7196202007266 13.8506748603947 13.9405353615759 14.0202888123913 14.1375221491453 14.2359458485597 14.3467000346277 14.4060939894238 14.3997906421324 14.4962230158164 14.5204761387912 14.5107324935523 14.5009608543377 14.5003765511483 14.4945971812136 14.49836720806 14.4808404206761 14.4908690886694 14.4757997644421 14.4450130901218 14.4244176622104 14.3983216106955 14.3573841991761 14.2619100744295 14.0353433974164 14.0712321244309 13.9326340003434 14.0217820498485 14.1102901946011 14.120123452307 14.0366670393035 13.9867913297383 14.0685831490952 13.9803350345859 13.9109491247657 13.9622438554075 14.034424342641 14.0171027343086
13.8625314655599 13.6985473894999 13.3044535089511 13.2613772502539 13.2234043962321 13.3138844997859 13.4479690974464 13.5764992796596 13.6428871287576 13.7441638202678 13.8619756511786 13.9237224428818 13.8670775953609 13.7739933839683 13.9203605080605 13.9873727596303 14.0776631586923 14.2130124540355 14.3053254472302 14.4030555302792 14.4797073530709 14.5702060790992 14.5847693426974 14.5638047446499 14.5530904483676 14.53707102053 14.5161379393292 14.5121535933916 14.5016964884791 14.4336023291827 14.4883168653064 14.4670166535971 14.4198070930619 14.3268860646333 14.3685254190793 14.314754298184 14.1265672280072 14.0710341318599 13.9247936110567 13.9506408873758 14.1080628903001 14.1269068400819 14.0988818426631 14.0334066966916 13.9651414804987 14.0231597826031 14.0067712289022 13.9090019188431 13.923929541043 13.9890867998525 13.997257298961
13.8192515500966 13.4815140121154 13.2291851946489 13.2084080767094 13.2711545704387 13.4053377572221 13.5181111825721 13.6417079497686 13.7159490770176 13.7968586287794 13.9121420215889 13.9472511542502 13.9269373902722 13.8924559281793 13.90974532786 13.9928597387225 14.1482050504216 14.2844599202659 14.3711086036038 14.4589109404642 14.5343231791738 14.6076898939008 14.6040421674537 14.5879882068276 14.5522891944878 14.5270218682362 14.5257044936064 14.5327370226568 14.5185367349806 14.4903100591528 14.5012754356429 14.4658700508847 14.3937098368729 14.3262923400974 14.2219717828387 14.2005248772074 14.2285748902345 14.0881835420735 13.9580900888973 14.0792107492008 14.1520689118111 14.0932929293093 14.053317125791 14.0197010305602 13.9747007832359 13.9295193909748 13.9678500222769 13.8301474085811 13.8450852500989 13.906695156786 13.8907698473013
13.8056193210407 13.4720245352467 13.2249710960664 13.3141245081901 13.3925279497223 13.3246259489632 13.5431771509869 13.7021518296146 13.7862516446632 13.8576051209414 13.9381109752853 13.9146262181044 13.7528721831835 13.9776324062098 13.8741874849277 14.001005551164 14.2202679539008 14.3581397900855 14.4337863909804 14.5101345570671 14.5713284362957 14.5902530223311 14.5708605459197 14.5937827269944 14.459593712706 14.3275418294086 14.4031193050254 14.5217699964241 14.521173326098 14.5118156829172 14.4842026552459 14.4524923334318 14.3783856109118 14.2311944479887 14.1104109479036 14.2057570149838 14.218422077067 14.1728495597543 14.0927033328941 14.0851769070735 14.1392751534709 14.1373553344286 14.0935013266457 14.0650523290287 14.0001314568781 13.9046078929194 13.9353494073309 13.8222193715775 13.7374176146756 13.8489570842228 13.8102702572858
13.7052508807216 13.4894558357073 13.3115872387353 13.2592281365245 13.3912132683206 13.5420100769178 13.646943605532 13.763614710877 13.859505950527 13.9313312974815 13.9434854652996 13.7910541246829 13.8893746201529 14.0935994916688 14.0361034259514 14.2135369446307 14.3022292223725 14.4245518413569 14.4943636604 14.5390376141786 14.5654024271398 14.5941100077745 14.5872024631924 14.5794179314509 14.5008883580087 14.4212083617079 14.4777098932151 14.5193822722627 14.5164424349294 14.4862550220342 14.4416759328611 14.4086960644522 14.3254776838139 14.0946272659259 14.0911412389124 14.21100997189 14.1919343228831 14.1852130894843 14.152689714193 14.1035165165876 14.1417910182321 14.1341975945866 14.1018310345191 14.0647106516087 14.026008650955 13.9103455449806 13.853132498274 13.837978671543 13.7764992674851 13.7298425871732 13.7565919841127
13.5872986769104 13.4476778455516 13.4248078250548 13.3208217643778 13.3489505023748 13.5879875641423 13.7336105229093 13.8233171121699 13.9283664439624 13.9910343923223 13.9196551227192 13.9113414160235 14.0939726176731 14.2020178680761 14.2232622227317 14.3224063229577 14.383581013262 14.47561101584 14.5160437082282 14.5407992418231 14.5717476968659 14.5865101520648 14.5902058811834 14.5553331277775 14.5103105910102 14.4303744971556 14.5299183834982 14.5212902200195 14.506484446811 14.3851912977612 14.3171763288278 14.3472126984571 14.2295360974458 14.0532565512167 14.1345493543455 14.2302968779154 14.2283430096388 14.1977646667147 14.1624527792269 14.1429007487405 14.1134636370786 14.0619633480995 14.0324352095469 14.0225671800184 13.9804006954823 13.9172786192275 13.8066736548927 13.7273048394803 13.7399035595533 13.6812187739666 13.644628173385
