Climate_data/Aus_bio20_Equal_10km.asc
NCOLS 560 
NROWS 490 
XLLCORNER -2904860 
YLLCORNER -5334205 
CELLSIZE 10000 
NODATA_value -9999 
[rows 198 to 219 of 490, columns 204 to 254 of 560]
22.0150187918283 22.0126908822414 22.0108090654527 22.0094134616036 22.0084562846324 22.0079639528363 22.0079664600873 22.008433080253 22.0094069279929 22.0110600305907 22.0133372694852 22.0161225885537 22.019384945837 22.0234528264159 22.0282746686659 22.0337678093654 22.0396605370241 22.046354793206 22.0540324635231 22.0624308870773 22.0712358626839 22.0804314527466 22.0908737401476 22.1020728804606 22.1138632971475 22.1255442313935 22.1380181581273 22.1515223151335 22.1655452795845 22.1797214522779 22.1934795236686 22.2083749471449 22.223735220832 22.2393168343353 22.2544601130491 22.269378437059 22.2852912946057 22.3012571331227 22.3171797855437 22.3320228004835 22.3472132556691 22.3628783448906 22.3783185469933 22.3934490986565 22.4071280427192 22.4211788334489 22.4350668271369 22.4483621011369 22.4607855561014 22.4713121565208 22.4815116108146
22.000889991757 21.998582454849 21.9966711887073 21.9952281873109 21.9942543048279 21.9937640981871 21.993734071391 21.9942555708121 21.9953555812418 21.9970200148074 21.9991768278959 22.0020090732505 22.0055744332136 22.0097877660314 22.0144390030175 22.0197289968954 22.0260245689731 22.0330728305106 22.0407322859089 22.048668723815 22.0575051160126 22.0673783867497 22.0779523663071 22.0888935654586 22.0999793452196 22.1121964245605 22.1251472364785 22.1385983988823 22.1519993697273 22.1654734601782 22.180075190358 22.1950265479299 22.2101986852547 22.2247626705988 22.2395141093244 22.2551562636169 22.2708424969432 22.2865353576306 22.3012303634306 22.3161808228893 22.3317243173917 22.3471336303385 22.3623321353663 22.3763337297384 22.3903323935735 22.4045000038396 22.4181599189718 22.4312010969941 22.4427431080603 22.4534852624805 22.4635087983275
21.9865379709879 21.9841017289975 21.982128084255 21.980678035761 21.9796747844779 21.9791675803354 21.9791836834971 21.9797060536065 21.9807122026639 21.9823635163978 21.9846999042147 21.9876700319662 21.9911178692066 21.9951213607698 21.9999716494344 22.0056274347542 22.0119917067784 22.01873897642 22.0261225088864 22.0345656025736 22.0437557541306 22.0535837095116 22.0635875430752 22.0743388013937 22.0861428044103 22.098532417058 22.1113524392196 22.123904610583 22.1372573391995 22.1514655973854 22.1659921341153 22.1806957694693 22.1947056987417 22.2093136049311 22.2245927168508 22.2399519519504 22.2553116858383 22.2697285166067 22.2844718043962 22.2997416292193 22.3149491802002 22.3300457265081 22.3442051910061 22.3580251500155 22.3723032610109 22.386136282475 22.3994490876554 22.4118134069485 22.422804210962 22.433703884718 22.4433276065987
21.9717284423772 21.9692938786884 21.9672881603521 21.9657552724096 21.9647298341898 21.9641865864316 21.9641339310898 21.9646121044499 21.9657064792395 21.9674384301801 21.9696918811694 21.9724712256994 21.9760024800245 21.9802790964494 21.9852279733918 21.9906777003766 21.9967032768265 22.0037120469654 22.0115208451114 22.0200312427838 22.0288646874684 22.0381916967742 22.0486714179381 22.0598834518317 22.0716947102585 22.0836355046298 22.0956901738024 22.1088397016846 22.1225765361159 22.1366695605854 22.1507509633278 22.1643384822296 22.178849810766 22.1937133163831 22.2087022580296 22.2236566305558 22.2376681763508 22.2522409489689 22.2672107418378 22.2820990902479 22.2969198795649 22.3109745537523 22.3246225794662 22.3388599976795 22.3527341603272 22.3661508325272 22.3789162359089 22.3901723596415 22.4015356093789 22.411990535485 22.4211866427329
21.9567051100303 21.9541249873564 21.9520151240824 21.9504556192527 21.9493749303874 21.9487792907682 21.948726491431 21.9492254213059 21.9502287592677 21.9518102931331 21.9540781631982 21.9570327497614 21.9606360601457 21.9647338463379 21.9693915296216 21.9749354788762 21.9813326216231 21.988438589279 21.996033825814 22.0040203819474 22.0129953991517 22.0228609096876 22.0334454832845 22.0444912639556 22.0555591666153 22.0674410425839 22.0802130033229 22.0934270100181 22.1070451047006 22.1203281077814 22.1337772306902 22.1481138075161 22.1626193333696 22.1772045474604 22.1916259003031 22.2052748298614 22.2196987020575 22.2343103513785 22.2488496320109 22.2633066032334 22.2770063045884 22.2904626999427 22.3045243572668 22.3183021450575 22.331697615135 22.3445912564265 22.3560446430541 22.3675731787538 22.3785633319208 22.3885376149728 22.397289484224
21.9412019610423 21.9386082694903 21.9364578147607 21.9348019488711 21.9336525487784 21.9330171462297 21.9328783109428 21.9332522861117 21.9342365979737 21.9359038915915 21.9381862940188 21.9409740910638 21.9443261585521 21.948462899035 21.9533620050087 21.958994854358 21.9652127882891 21.9718871208048 21.9794105061029 21.9878632178932 21.9970199148707 22.0068101276744 22.0168296096858 22.0274477140477 22.0391019618178 22.0513401582929 22.0640518574936 22.0768877767618 22.0895513574924 22.1030817476406 22.1171019197453 22.131268799651 22.1455253098906 22.1592272047154 22.1727104979426 22.1869659753692 22.2012095510443 22.215360961712 22.2294153631347 22.2425670969394 22.2558223468779 22.2696095934961 22.2831740640616 22.2964370098771 22.3092981522907 22.3208654933633 22.3322950074313 22.3435657447781 22.354016356944 22.3634802811631 22.3717908000437
21.9255100043021 21.9227478900957 21.92048093614 21.9187552314981 21.9175363720526 21.9168019629042 21.916607025005 21.9169827494369 21.917916363433 21.9194121958443 21.9214983702074 21.9243040393739 21.927798134853 21.9319656747719 21.936665177748 21.9419210560776 21.9480347329174 21.9550385274465 21.9627588429136 21.9711360089187 21.9798167789791 21.9891142183821 21.9994995367196 22.0105837088711 22.022250253184 22.0343145367315 22.0462571582087 22.0587326268761 22.0721168489043 22.0857881237977 22.0996404951509 22.1134540874139 22.1265757637957 22.1401072839535 22.1540992593234 22.1680048654054 22.1818015332653 22.1953694326783 22.2080007002774 22.2210203442341 22.2343744862116 22.2476277952401 22.2606472963897 22.2733377734376 22.2848585482585 22.2961971557256 22.3074860864338 22.3181585867138 22.3280348545495 22.336970638261 22.3445244973621
21.9093224368707 21.9065389262574 21.9042042566733 21.9023730501064 21.9010465419303 21.9002458373684 21.8999573050887 21.9001882439661 21.9009759708937 21.9024575384308 21.9045911878805 21.9073592126521 21.910623311169 21.9144615077533 21.9190980199753 21.9245682733407 21.9307951212475 21.9376821098856 21.9449815786594 21.9528914060723 21.9618029399093 21.971512131851 21.9819352563201 21.9929196568716 22.0039801377843 22.0154540981441 22.0279244837926 22.0408441257685 22.0541475256901 22.0676720886867 22.0807547654055 22.0937637400625 22.1074192412655 22.1210940051007 22.1347184603531 22.1482134461154 22.1612083290177 22.1734458776402 22.1862715937868 22.1991226959267 22.2119081036455 22.2245998068465 22.2369942672764 22.2482821011664 22.2595831038869 22.2707923414262 22.2814353629978 22.2914783802523 22.3007458182783 22.3089658076024 22.3157878370199
21.8929651897541 21.8900031838533 21.887510519763 21.8855957131399 21.8841830044488 21.8832580830497 21.8828615135854 21.8830284780233 21.883780541739 21.8851419144124 21.8870452584813 21.8895491230708 21.8927976493838 21.8967471686822 21.9013789790423 21.9066698032235 21.912490415976 21.918992818835 21.9264515959441 21.9346698162356 21.9435945545249 21.9531562925605 21.9630229270335 21.9734426827686 21.9848398764249 21.9968544949027 22.0093223979557 22.0221633154967 22.0349799466078 22.047595619348 22.0608835994281 22.0744318845225 22.087931366342 22.1013090909725 22.1145017183982 22.1268798116472 22.1391121857987 22.1517068183658 22.164098855388 22.176341257312 22.1885218455341 22.200481724558 22.2114867138363 22.2226973225433 22.2337601914906 22.2442935201188 22.2542619034888 22.2636413155755 22.2721858832683 22.2793419901464 22.2862407677445
21.8761170576049 21.8731118522096 21.8705553673142 21.8685157900192 21.8669664789392 21.8659324792787 21.8654349672581 21.8654502781208 21.8660033521092 21.8671842070348 21.8690610914333 21.8715741729731 21.8747332213431 21.878414508063 21.8826684087469 21.8876942671881 21.8936335377948 21.9003075879344 21.9076959412778 21.9156882237218 21.9240707204928 21.9331449623245 21.943291285214 21.9541247876343 21.9655564922229 21.9774975576732 21.9895722383242 22.0016254279967 22.014374275696 22.0276755533092 22.0410636431648 22.0544274348438 22.0676874118463 22.0803378953008 22.0924832656558 22.1049778169037 22.1173357870448 22.1293882870397 22.1411701321914 22.1527544569808 22.1639960329251 22.174690731936 22.1857950156091 22.1966327966124 22.2069942035892 22.2168265064651 22.2260829223572 22.2346958144161 22.2420426334974 22.249163030877 22.2555980451276
21.8591426751608 21.8559408536298 21.8532138804477 21.8510402621669 21.849387873427 21.8482314783199 21.8475602171786 21.8474463181243 21.847909001248 21.8490172927143 21.8507140124634 21.8529308044903 21.8557587191787 21.8593311330411 21.8636341968079 21.8686722358616 21.8744598299313 21.8807743860297 21.8876554225626 21.8953000255616 21.9039071053329 21.9132621856954 21.9233589826845 21.9340977680527 21.9450516050374 21.9563139433242 21.968308688724 21.9809849597226 21.9939970927692 22.0072078030888 22.0204755983695 22.0333972540238 22.045687759625 22.0581648075004 22.070755916274 22.0830191195646 22.0949026805926 22.1064150274104 22.1175361174567 22.1278728652419 22.1382655829483 22.1491086749045 22.159633484196 22.1697439961268 22.1793903124552 22.1884874246964 22.1968831995762 22.2042733610908 22.211516103904 22.218126476348 22.2239711131806
21.841670936659 21.8384035788818 21.8356091484613 21.833310754491 21.8314907214429 21.8301751001764 21.8293945523823 21.8291280652029 21.8293803793487 21.8302349698238 21.8317161112196 21.8338594937473 21.8366449615994 21.8400853788779 21.8441234593718 21.8487341505899 21.8540688866672 21.8602564527181 21.867256916131 21.8749925414598 21.8834581320707 21.8925703148034 21.9021087503036 21.9122279865166 21.9232619867805 21.9350090297751 21.9472361198894 21.9598508048613 21.9727986078614 21.9856204118177 21.9981205441017 22.0107935247225 22.0236802602351 22.0362502664544 22.0485248430229 22.0603946760855 22.0718251823031 22.082441552825 22.0924532187455 22.102657277109 22.1128949442634 22.1230021452096 22.1327781850914 22.1421387829622 22.1510280336387 22.159140228405 22.1663994185529 22.1736663206292 22.1803329724195 22.1862892958953 22.1915047427626
21.8241064587604 21.8206507838439 21.8176556434293 21.8152019610349 21.8132543233907 21.8117981247903 21.8108262670785 21.8103597353276 21.810462725444 21.8111903354575 21.8125360476938 21.8144513615661 21.8169220681903 21.8199587058483 21.8237077792545 21.828275764816 21.8336099765756 21.8396655755094 21.8464377891007 21.853727770527 21.8616006911078 21.870265583265 21.8799729304287 21.8904136976934 21.901494120717 21.9131530070597 21.9252767127357 21.9373939715984 21.949719149522 21.9624907147229 21.9756026156368 21.9885828868444 22.0013094733431 22.0136600131625 22.0256228686856 22.0368203281635 22.0472159591941 22.0574885325295 22.0676081539824 22.0773644782121 22.0869081780847 22.0962580003761 22.1052628263936 22.1138399022296 22.1215423520327 22.1287762657799 22.1358931861958 22.142513818525 22.1484979091704 22.1537943430477 22.1583684669955
21.8060654345559 21.8025480131014 21.799468147773 21.7968835032434 21.7947567315639 21.7931132926835 21.7919703578444 21.7913510093368 21.7912415509348 21.7917029563033 21.7927508717357 21.7943817128016 21.7966909533816 21.7996318828365 21.8032289174816 21.8075450798069 21.812479139688 21.8180182931689 21.8242461295343 21.8313975183876 21.8393589620566 21.8481043709779 21.8576441465411 21.8679241319838 21.878671097447 21.8897372648354 21.901299724074 21.9136734921356 21.9265600391164 21.9396238209172 21.9526909353184 21.9656223774034 21.9782125899644 21.9900034589166 22.0011309441364 22.0120191955738 22.0226281177913 22.0326776675752 22.0422426518308 22.0513989292608 22.0602527527247 22.0688591799876 22.0769096758666 22.0842468782643 22.0915251344141 22.098456827154 22.1048820932628 22.1108137430307 22.116138806431 22.1207926844321 22.1247612670799
21.7879990496481 21.7842715042188 21.780988213015 21.7782126188737 21.7759377280814 21.7741385728952 21.7728043788093 21.7719413664157 21.7715992681566 21.7718723881844 21.7727418048972 21.7741934955894 21.776235590278 21.7788021979177 21.7819622167253 21.7857905022058 21.7904665198342 21.7959153036537 21.8020902763926 21.8090247495986 21.816711149142 21.8250751053531 21.8340237574364 21.843658206222 21.8541633836925 21.8655336487166 21.8775001646092 21.8899497197412 21.9028151732293 21.9159074213866 21.9288947702022 21.9412984736811 21.9532873034451 21.9651221096079 21.9766134091305 21.9874606900709 21.9976386703159 22.0071880440787 22.016196248399 22.024726364913 22.0327756142218 22.0402370170182 22.0475037155984 22.0546621905342 22.0613837456992 22.0676215819764 22.0733759365053 22.0786726635163 22.0833858353403 22.087452476192 22.0908275705554
21.7694643817729 21.7656712832607 21.7622875290555 21.7593874085834 21.7569298663019 21.7549066523437 21.7533545313685 21.7523092965313 21.75175962299 21.7517749062217 21.7523304661069 21.7534271936688 21.7550816052331 21.7574066299708 21.7603637484106 21.7640148492869 21.7684155225474 21.773530355705 21.7792461719133 21.7855827050447 21.7926291536395 21.8005486762502 21.8095206735188 21.8192808206089 21.8297994703051 21.8410284304078 21.8528902637372 21.8652642014164 21.877742139142 21.8903654640827 21.9030874806789 21.9159835494981 21.9285163355125 21.9404353292954 21.9516879960706 21.962202530316 21.9719406936419 21.9809761123584 21.9892441124986 21.9967761599149 22.0040348322704 22.0112801070676 22.0181629923968 22.0246510401458 22.0307187407268 22.0363288751399 22.0414754115645 22.0462002012113 22.0503645135623 22.0538487136801 22.0565410354295
21.7509643902172 21.746954506321 21.7433618422671 21.7402546060846 21.7376069260359 21.7354129894324 21.7336820622518 21.7323858374216 21.7315602357405 21.7312981431807 21.7316014798069 21.7324554568073 21.7338745699097 21.7358875814033 21.7384731663521 21.7416523260554 21.745518798005 21.7500545871099 21.7553675934991 21.7615173257086 21.7684306208527 21.7761688847536 21.7848071520279 21.7942727493217 21.8044800066785 21.8151813689365 21.8264657999279 21.8383877084155 21.8511545900261 21.8643370043067 21.8775819189174 21.8906098981374 21.9031636394319 21.9149916430341 21.9260270373287 21.9361576298835 21.9451280665308 21.9533014740519 21.9609997355385 21.9683724932039 21.9753179543136 21.9819566877652 21.9882157623603 21.9941020227749 21.9995757121516 22.0046308282984 22.0092483429916 22.0134661921088 22.0169844640828 22.0199668975361 22.0225548568792
21.7320306094068 21.7279487986987 21.7242576593672 21.7210108704298 21.7182015912052 21.7157744906743 21.7137850701195 21.7122473213994 21.711187308631 21.710665230252 21.710674743611 21.711172214192 21.7121949350963 21.7137444584978 21.7159001065348 21.7187460638567 21.7223250493439 21.7265797967537 21.7315545563141 21.7372611836678 21.7437391336726 21.750881219215 21.7588665619172 21.7676227355873 21.7772554223325 21.7879354300504 21.7994405754756 21.8116467145885 21.8245035982395 21.8377754561843 21.8511535490638 21.8643258779341 21.8769187073933 21.8883624688463 21.8988594106492 21.908401318078 21.9172562842111 21.9253277026523 21.9326908290013 21.9394912293806 21.9458753669086 21.9519463976157 21.9576624944541 21.9630139650651 21.9679906001776 21.9725610140219 21.976554399111 21.9801994883975 21.9835765813482 21.9864740091598 21.9888184058157
21.7132032628519 21.7089022097857 21.7049856956605 21.7015388416001 21.6984970589772 21.6958799918218 21.693694875381 21.6919287410479 21.6905786221423 21.6897330199999 21.6894108499702 21.6895889409839 21.6902885687898 21.6915312804532 21.6933465190799 21.6957843469851 21.6989042162953 21.7026048139529 21.706941680399 21.7119686082039 21.7177347829937 21.7244347000833 21.7321294564121 21.740711280272 21.7502020871172 21.7605790004462 21.7718453739468 21.7839021919308 21.7967427229158 21.8099271269253 21.8230722730385 21.8360468057969 21.8485295613958 21.8603639078271 21.8711282685892 21.8806729801038 21.8891242027906 21.896663295599 21.9035080852982 21.9097912096101 21.9156658869912 21.9212611629505 21.9265169111153 21.9313618194062 21.9357332910833 21.9397595536487 21.943607471743 21.9472256628119 21.9504028991117 21.9531405311677 21.9553739787943
21.6939662583089 21.6896013090923 21.685576192506 21.681981523782 21.678780389628 21.6759476063687 21.6734886833195 21.6714413251472 21.6698148682536 21.6686856530168 21.6680521044721 21.6679031775722 21.6682102407101 21.6690166922279 21.6703305130464 21.6722111321914 21.6747456933941 21.677976959275 21.681889803107 21.6865004975268 21.6918659201164 21.6980700197859 21.7052137094654 21.7132774245852 21.7222814362816 21.7320955786736 21.7427079233652 21.7541855544685 21.766528305033 21.7797170654896 21.7934346527075 21.8071259393706 21.8202591136582 21.832253132896 21.8428273836471 21.8519957994851 21.8599532709014 21.8670067190007 21.8733701471009 21.8792172809123 21.8846193859923 21.8896513341626 21.8943509932727 21.8988188573907 21.903121518374 21.9071070633173 21.9107969084571 21.9142473006366 21.917331248508 21.920024437988 21.9222993439674
21.6749092383106 21.6703385789786 21.6660895307281 21.6622705898805 21.6588360256277 21.6557785716515 21.6531127388017 21.6508231169053 21.64892443999 21.6474779913633 21.6464960927929 21.6459413487656 21.6458500759549 21.646253925723 21.6471536173442 21.6486227130968 21.6507294834472 21.6534389385476 21.6567791613911 21.6608088295522 21.6654953306502 21.6709219910484 21.6772494032064 21.6844474390373 21.6925864722231 21.7018284237276 21.7122136073742 21.7236295109129 21.7361099436636 21.7494550749536 21.7633262416128 21.7773172430564 21.7907930355095 21.8029675379813 21.8133520051528 21.8220896165759 21.8295676216411 21.836037469282 21.8418677665608 21.8472205849031 21.8522883099683 21.8572463906917 21.8619251628893 21.8663241941694 21.8704406545571 21.8742847059701 21.8778678035295 21.8812726211254 21.8843860626114 21.8871783900226 21.8896433168332
21.6554975075228 21.6508373860689 21.6464952729106 21.6425414187426 21.6389407331289 21.6356799360522 21.6327507919944 21.6301637944721 21.6279574747633 21.6261850000768 21.6248687039966 21.6239665061763 21.6235093926983 21.623482905599 21.6239114190651 21.6248517821951 21.6263777739017 21.628439008463 21.6310665271649 21.6343074676358 21.6382755905601 21.6430602361018 21.6487753578793 21.6554048974509 21.6630185957111 21.6716880651793 21.6814754900449 21.6924022552139 21.7045324483868 21.7177155274903 21.731638667406 21.7458718907095 21.7595417770867 21.7717895377718 21.7818137869868 21.7900126270715 21.7970841777013 21.8034951314056 21.8093329603013 21.8147027952897 21.819730369551 21.8245631365367 21.8291121787759 21.8334003037531 21.837462816269 21.8412581712204 21.8448570657359 21.8483379899119 21.8515941769224 21.8546149926298 21.8574072280982
