Climate_data/Aus_bio1_Equal_10km.asc
NCOLS 560 
NROWS 490 
XLLCORNER -2904860 
YLLCORNER -5334205 
CELLSIZE 10000 
NODATA_value -9999 
[rows 154 to 175 of 490, columns 153 to 203 of 560]
-9999 -9999 -9999 -9999 -9999 -9999 -9999 -9999 -9999 -9999 -9999 -9999 26.9591366620897 26.9835709636815 27.1033833301665 27.2001311905704 27.245773284509 27.265332824361 27.2883574411531 27.2801191666594 27.2820955034409 27.4236851470901 27.5416425331547 27.6184881310243 27.7643245586596 27.9208201561169 28.0032844343734 27.9495980791419 28.0009380918584 28.164594048073 28.4155592858575 28.4820775102715 28.519071007139 28.4936037684412 28.3742431309473 28.4012156041741 28.5138741765447 28.4497946546502 28.3797849892315 28.3419085201591 28.1981897325913 28.0967955104228 28.0312511970311 28.0509083382582 28.0353496410304 28.0345358366117 27.999503318809 27.9524002283037 28.148570704375 28.1534760080169 28.1437080274514
-9999 -9999 -9999 -9999 -9999 -9999 -9999 -9999 -9999 -9999 -9999 -9999 -9999 -9999 27.1888878792917 27.1875240500068 27.2140197446789 27.1613178780969 27.1838741282171 27.1383446093003 27.2357921129178 27.2627675855976 27.4676943065422 27.5930957045943 27.7462800032465 27.8368270008065 27.9474750470521 28.0018825529364 28.0963201813541 28.2625473256799 28.3413460486365 28.3653927064135 28.4236086368858 28.4619849949816 28.338654131482 28.3759613397226 28.4786829276426 28.5170923775796 28.4372858565801 28.3971487383021 28.3303481766329 28.2060715394969 28.1889355347274 28.1875685668572 28.2142715266608 28.2623241421523 28.2695609704565 28.2719892322857 28.2720312942123 28.1817959068001 28.055546609512
-9999 -9999 -9999 -9999 -9999 -9999 -9999 -9999 -9999 -9999 -9999 -9999 27.142377796281 27.16231273726 27.2019821212485 27.1236488846066 27.1628218362929 27.1485181344818 27.0921639313953 27.0311596580981 27.0656214837439 27.1638500952619 27.3946264214977 27.5617632502494 27.7310529286475 27.7319226374929 27.8203152543281 27.904549702594 28.0502408815712 28.1580378693629 28.1219042110491 28.1756926783188 28.2641595130937 28.4324526593175 28.4135113049837 28.3489251534426 28.3816129174178 28.5081829259954 28.436927548693 28.3471106418765 28.3954793887476 28.3970553079859 28.3725321187116 28.3407372392547 28.3575504455589 28.3784567438535 28.3710826893828 28.3906151382548 28.3803717249635 28.305328959126 28.222551718701
-9999 -9999 -9999 -9999 -9999 -9999 -9999 -9999 -9999 -9999 -9999 27.2577158390542 27.1659575037796 27.1584190097669 27.1402874220633 27.1649720415846 27.1325735683835 27.1098626858909 27.0502741186369 26.984866840595 26.9251694269307 27.0989545666888 27.2966594886626 27.5080546235751 27.6294112875932 27.5736092250523 27.696139638112 27.7840174522914 27.9748182494226 28.1113678941973 27.9592788698816 28.1008251892108 28.1172150459694 28.2772784089857 28.3417074375742 28.2684189592948 28.3763287611269 28.4873549784252 28.5051224382373 28.504409827148 28.4863094507978 28.4359057651203 28.4607882765967 28.4536738184562 28.4585713038173 28.4627912769897 28.464445096978 28.444101383919 28.4295856966315 28.4369013239108 28.4071240270158
-9999 -9999 -9999 -9999 -9999 -9999 -9999 -9999 -9999 -9999 -9999 27.1151121010747 27.0595983654969 27.061610063103 27.0707665096095 27.0665784581668 27.0885671473358 27.096314083874 27.0212826846034 26.9641416345936 26.93377174778 26.9085797923917 27.0402047544014 27.1516146322617 27.4923862031068 27.6104947638796 27.7681426523504 27.888588893318 27.9713629931342 28.0780375582083 27.9836469347981 28.0497466190638 28.0342389709484 28.0645844669598 28.1339085857165 28.1807396386526 28.3141684319888 28.4005026687806 28.4540065903768 28.4739372481697 28.4863763359107 28.4462096357786 28.3643618733236 28.3912888216181 28.3963530005613 28.4301405836224 28.5015442285507 28.474338342367 28.4832560182106 28.531335181241 28.541946068415
-9999 -9999 -9999 -9999 -9999 -9999 -9999 -9999 -9999 27.1218980571588 27.1143503581484 27.0525753922288 26.9932888138565 26.9739018461336 26.9791198094344 26.9943108463254 26.9491064968881 27.0003429675748 27.0365766075952 26.9461395040205 26.8793627154535 26.8680379081877 26.9057305708691 26.937243821763 27.2215289760265 27.4665792811402 27.6862106634553 27.7684822386262 27.9442921707373 28.0391364330494 28.0269911793437 28.0406650343096 28.0210011948627 27.9896971933703 27.9441397494159 28.1011034487872 28.2207535510837 28.2627302797574 28.3658304451236 28.4315483745751 28.4397112182919 28.2864140174294 27.9937759144221 27.9907814234736 28.156144028959 28.3126664163397 28.395920448472 28.4790707326808 28.5257387882886 28.5756779653517 28.5961170378573
-9999 -9999 -9999 -9999 -9999 -9999 -9999 -9999 27.132636290466 27.079614155221 27.0466733520424 27.0368446452903 26.9334551489626 26.8603815947437 26.8033081751138 26.8212522214638 26.7388372882592 26.8354594961031 26.901799747106 26.8659692727629 26.900396381088 26.8995381593644 26.9155731783998 27.0307267391188 27.0135689070833 27.0944332280229 27.5536014359399 27.6753469718166 27.9103914217504 27.9619824038182 27.9439911092117 27.9593274043011 27.9508786015715 27.960637852467 27.8702931628768 27.9521076264605 28.0267938419177 28.1969503880966 28.2950407869549 28.3228988534298 28.4333948855797 28.3800695908861 27.947302560626 27.7680220680921 28.0671176029226 28.0562392018907 28.1464084758705 28.4533910903471 28.5038005702292 28.4546398357459 28.6032970987526
-9999 -9999 -9999 -9999 -9999 -9999 -9999 -9999 27.152291115227 27.161018181914 27.1401801839156 27.0822413886686 27.0013221813821 26.9056115115478 26.8306476873909 26.8100856785225 26.7272920393598 26.7344406271632 26.7808419061278 26.7970166519695 26.9549494128898 26.9520080684663 26.9590364505642 27.1087602624218 27.0048084381372 27.2533763519143 27.5637925776145 27.650698183224 27.830096616601 27.8436525157342 27.8013303397908 27.8721918135944 27.8685105522182 27.8376643520696 27.798422687077 27.9434057780638 28.1002358113094 28.1960522256763 28.1979983929707 28.2334594693106 28.3289921429573 28.4271035407049 28.3353607394838 28.1966058341134 28.258020951565 28.2109301811697 28.1115271019373 28.4478915258915 28.4491506984372 28.4609314353838 28.5311731250592
-9999 -9999 -9999 -9999 -9999 -9999 -9999 27.1438721893681 27.2022307289628 27.1563617929763 27.1630390528487 27.1016160260411 27.0459404044934 26.9592060748985 26.9238271481191 26.9016592299054 26.8795310173502 26.8389805651446 26.8726152074503 27.0278864018792 27.0071934173779 26.9637894851699 27.0492260883102 27.1665001634886 27.0782776579974 27.3280421799132 27.4854634007149 27.5253186981222 27.7162161924305 27.6639690088309 27.6453015972309 27.6987079735104 27.6634544138189 27.6726554745449 27.7826377878811 27.8996681571213 27.9927338821894 28.0634417754836 28.141630754262 28.1806877718823 28.2305896018611 28.3233149434872 28.3269413931001 28.2819180166449 28.3633825461018 28.2713659809918 28.2515220452524 28.3650716078282 28.3008653945746 28.4295026942494 28.5896633008706
-9999 -9999 -9999 -9999 -9999 -9999 -9999 27.1733803385177 27.1633622002153 27.169249799399 27.1173632369781 27.0928834149514 27.0356429530873 26.9671183852476 27.0281316613564 26.9721088801819 26.9077832175165 26.8973671746005 27.0610537537969 27.0578354916751 26.9450717375848 27.0281366748523 27.1971440382774 27.1965638309048 27.1221610759487 27.3501177756007 27.3570118040285 27.415982816315 27.4138800056015 27.5568563679736 27.6837462716961 27.7691847895252 27.732139434604 27.7525085088088 27.780645210951 27.8152327795708 27.8522299315624 27.9599500963862 27.9895035751847 28.058255600483 28.0921898601968 28.1895965641888 28.1436559795811 28.0861834595262 28.3088978194805 28.3200291677852 28.2538945275472 28.3062075898783 28.2442691377287 28.4130366278922 28.4847933458387
-9999 -9999 -9999 -9999 -9999 -9999 -9999 27.2220917108923 27.2277786716127 27.2092450436118 27.1426002619912 27.0479956635539 27.0304804324354 27.0664139599283 26.9916590871405 26.9418437537775 26.9464667903901 26.9953223893694 27.1341201323672 27.0007559770356 26.9575908623297 27.172693550332 27.2178429374946 27.1250261102894 27.1920380467665 27.4214908558469 27.3863904361708 27.3850233939543 27.4918283824601 27.6003538980174 27.7745836153936 27.8570322262202 27.8720477884119 27.8963629224655 27.907272073485 27.8421235819471 27.8217473677047 27.8157540970764 27.8542266982193 27.9054886804175 28.017184862891 28.0400299373344 27.9915151726249 27.9856623281501 28.1361640776858 28.1033298183962 28.2315299714769 28.2035868085751 28.0715875461898 28.1437825376742 28.2494271197826
-9999 -9999 -9999 -9999 -9999 -9999 27.1113103356286 27.2376067591518 27.231519368128 27.1657020490875 27.1028768378987 27.0464775696784 27.1237829804381 27.0892191443521 26.9764976022175 26.9139919402 27.0467857249224 27.1638581505686 27.1147143232196 26.9583425591926 27.0291151244822 27.2668860409877 27.2204118132396 27.1707544470192 27.3305381679767 27.4540031025361 27.3842291340991 27.4519186146133 27.6137631843743 27.6868273801615 27.8461448710828 27.8515960471738 27.7708011766894 27.8454682341335 27.9988075542131 27.9465579847701 27.8945165306428 27.9044051626447 27.8392651194547 27.8257843064816 27.8990737922856 27.8901024015793 27.97350780678 27.9266711381919 27.9964620180979 28.0727015219939 28.0848801961037 28.0381149272748 27.9611873642757 28.0529349556048 28.1224146014168
-9999 -9999 -9999 -9999 -9999 -9999 27.1531345869678 27.2211203977985 27.2636230510092 27.2113435927209 27.1492283522588 27.1137628069851 27.1856226233799 27.1200308930342 27.0597865311439 27.0242100906401 27.2014163577628 27.1633638238412 27.1128574384965 27.0903874154772 27.0899231657158 27.3330428573143 27.2587438854654 27.3110545288968 27.4872343502016 27.5415940982796 27.5758659794073 27.5840107028547 27.6775544505564 27.7161321569043 27.8975558728239 27.8776979601651 27.7594122700172 27.8516756997789 28.0248849113461 28.0185425875728 27.9610292578536 28.038206482804 27.9703385689112 27.9710406645984 27.9261119490464 27.8272135802917 27.9722978772309 27.9450824866202 27.9588322676119 28.1348106239622 28.1400226040096 27.9972201175565 28.0130214815043 28.1224541378617 28.1763423051273
-9999 -9999 -9999 -9999 -9999 -9999 27.094478341708 27.1729522995091 27.2503888318617 27.2504647200146 27.2220121741079 27.2704639717471 27.2694875307095 27.1660054770026 27.2311655793401 27.2501597021042 27.3424660501699 27.3228510522031 27.3027830215437 27.2821158236608 27.2698859355368 27.4349923766719 27.4100035491333 27.5221864122265 27.6077787570218 27.6551362523139 27.5821140472263 27.4944883526861 27.5536337078848 27.6703472895027 27.8762649525909 27.9662021457137 27.9662027400377 28.0053581001753 28.0716951548219 28.1054205380213 28.0866414316923 28.1176321286693 28.1582885830593 28.1209831793662 28.0271957145126 27.857277966287 27.9769644705978 28.0231542586859 27.9523303238845 28.1202317620114 28.1733104929548 28.1224291288082 28.0216873377864 28.0637482223182 28.1599128753361
-9999 -9999 -9999 -9999 -9999 26.9576374149256 26.9952803027545 27.0755309065722 27.1799224235338 27.2195934866473 27.2087079535177 27.3095699613067 27.3759694759914 27.2843967341566 27.3451010934069 27.3871517502776 27.4666133492518 27.4863422018751 27.4680407457345 27.4698033337038 27.4850837263293 27.5610119228527 27.5825860968049 27.6209530560728 27.6675192815813 27.6516180259253 27.5417886941321 27.5225626406836 27.6083695159944 27.7667723324588 27.9265796044762 28.0365204445818 28.0627631749541 28.0811542923026 28.1055843626723 28.1327993997146 28.1559829665207 28.1823834988703 28.2314580377502 28.2378466242227 28.1307563665482 28.0239254620745 28.0222220243853 28.111868632004 28.0150574685408 28.0461903110653 28.2190849560025 28.1165286660623 28.1663917023279 28.1834022598797 28.1737661874779
-9999 -9999 -9999 -9999 -9999 26.9495872943686 26.9718130120258 27.0424976812933 27.0948729881869 27.1066264210222 27.1233935771562 27.2918297807223 27.4090135508068 27.3892053507708 27.461005898133 27.4678149233813 27.4423664839502 27.4860833932989 27.5616894515129 27.5740291569263 27.5864644422745 27.6468527688114 27.6601183927838 27.6783284016252 27.6316465247991 27.6053135656964 27.6334752701656 27.7214020836354 27.606368070316 27.7773912942637 27.9495453942113 27.9681754920833 27.9253129660491 27.9398323981599 28.0031627662536 28.0329874381444 28.1061462227368 28.1396538229624 28.2246375146314 28.2504728581982 28.2412493753301 28.2068180701387 28.1629499219286 28.178816521492 28.1517302300647 28.1650859691468 28.2443927122286 28.1523755769068 28.1517856482495 28.2107360020888 28.2053927130899
-9999 -9999 -9999 -9999 26.9675875422625 26.9751893140826 27.0110331131667 27.0808412562557 27.0883456418125 27.0833202199582 27.1246872336324 27.2710765272784 27.375390078379 27.4820210624289 27.4807413173149 27.3999150482135 27.383589503916 27.4772800145372 27.5819660761426 27.6060850415174 27.616200045677 27.5927824822524 27.5437555995602 27.5226339815561 27.5876116274475 27.716442990018 27.8096839777229 27.804985535418 27.7278445866288 27.8713407453427 27.9349096160776 27.8411739745959 27.7229875385911 27.7651583369133 27.8331037626947 27.9143375769038 27.9857127061249 28.0620379356319 28.1635269033346 28.2326556824995 28.2550649207427 28.2546797769919 28.2445788127097 28.247382964562 28.2524749408632 28.2574447463177 28.2555856880739 28.1959396367559 28.225724856701 28.2258930835259 28.2333080605802
-9999 -9999 -9999 26.9703251578276 26.9753259124637 27.0161612487055 27.0014901915845 27.0101994353968 27.1368679116926 27.1108860821443 27.1874102727561 27.1643374554553 27.2307877454278 27.3457509739532 27.4468140812205 27.3701810179631 27.3216536348032 27.405498843351 27.5217330793399 27.5381308489766 27.5862376193983 27.4946920153113 27.3335508919655 27.3942542051297 27.6434126903623 27.8034573679879 27.850006261518 27.8762191310002 27.8968987674185 27.9149529299834 27.8661430421804 27.7373429641046 27.5686858983754 27.5088409253832 27.6117547513341 27.6469837653786 27.7461554784794 27.8927193030287 28.0519189521051 28.1693981447404 28.2165545583379 28.2457009048882 28.2637854298293 28.2666290801643 28.2650520247612 28.2604624963744 28.2558687292535 28.2422126939144 28.2588194031488 28.2517921081298 28.2611865717937
-9999 -9999 26.9659983958225 26.9683887407899 27.0096350279562 26.9984679153835 26.9669174497622 26.9274006652145 26.9902734910941 27.0372696036704 27.0182802357751 27.0870005668741 27.0826547593902 27.1931209700917 27.3499831425661 27.4430224254938 27.4203204701412 27.3905663603667 27.3903909808058 27.3801248878114 27.3929870872405 27.3413950450123 27.3476416385066 27.4726011823448 27.6631902353323 27.8110628640138 27.7792112603169 27.7667148888067 27.8035348423284 27.8130197577377 27.7310580278181 27.6944917174954 27.6527847075823 27.6486696990475 27.6438230261706 27.646032588262 27.6398522677665 27.7156197881393 27.8367124686964 28.0316983249518 28.1175711538945 28.2000404837357 28.2297658246232 28.2340971114472 28.2534377035707 28.2608203616544 28.2524164165382 28.2544240822033 28.2361528310754 28.2012644778345 28.1892582072648
26.9292008511358 26.9542699350266 26.9540645268129 27.0136824012565 27.0502548440626 26.9899299206597 27.0103995182426 27.0895982851564 27.1008096795805 27.1052025253883 27.1188342234073 27.152631428823 27.1231308897749 27.2008059864696 27.2080532193035 27.3875638547697 27.4972037831325 27.4505673475315 27.5543864577554 27.4974381723617 27.4497932974739 27.4264956327387 27.4755420209718 27.62969839636 27.7620384446762 27.7738246335849 27.6837009271771 27.6317094162104 27.6220041370435 27.6283006598218 27.7184871843952 27.6201196958676 27.5719106244772 27.6621513258328 27.6121992592495 27.4786112166262 27.5781999977389 27.5726199308679 27.6228553105991 27.9063607256335 28.0119370964599 28.0914865375791 28.1725311588294 28.1951245756995 28.2108968966978 28.1966226679639 28.2166558347797 28.210234862954 28.1715759318017 28.0682094113489 28.0068274089566
26.9425365862688 26.9763234759114 27.0215757612676 27.0635229824055 27.1122825056857 27.1411643802965 27.2081528116755 27.2578377240448 27.3045665339454 27.3453903398919 27.30520654869 27.2764798271301 27.282878842118 27.3402580251872 27.2432341004977 27.3876417249757 27.5877814338495 27.612548076881 27.645197444226 27.6484063830961 27.5938843724211 27.6266497218538 27.6262717462996 27.7429560073462 27.7506967436503 27.6883073116554 27.613906885075 27.4723909813998 27.4651149020782 27.4506644560252 27.5800426048628 27.6316377256305 27.4875460829629 27.4811924172807 27.6076243104111 27.4795671775227 27.4925684948665 27.483480854737 27.4885318161854 27.7057697971396 27.8546447722053 27.9967158041617 28.0615811082905 28.1063251560487 28.1506412461712 28.1247011866806 28.1115678368547 28.1229153016975 28.0551227520366 27.9200878765654 27.8089055162434
26.9369765775362 26.9962409702432 27.029325424474 27.0520631990945 27.1325022110654 27.1708050026142 27.1588756157346 27.1632547958262 27.2189149427608 27.2649578473447 27.3405759891424 27.35207538651 27.4076627117059 27.4461449472411 27.478154064357 27.5213653029447 27.567000170584 27.6106854978268 27.6444974206742 27.681439078102 27.6738982038538 27.6835512760024 27.7510651055556 27.7363112106224 27.6546781931305 27.5669347530467 27.4963924856406 27.3314526452553 27.2458832480646 27.2718956335884 27.4898238996137 27.4834590681431 27.3450266002549 27.2968797629295 27.4413521992667 27.518885779609 27.4585206235213 27.3171154894779 27.4130133145771 27.5871585872978 27.7034576754173 27.8199217063285 27.8712648504007 27.9370361698779 28.0251320853625 28.1057068254192 28.1335597789495 28.118540802239 28.0308123976999 27.8676965285243 27.6956914196937
