Climate_data/Aus_bio2_Equal_10km.asc
NCOLS 560 
NROWS 490 
XLLCORNER -2904860 
YLLCORNER -5334205 
CELLSIZE 10000 
NODATA_value -9999 
[rows 176 to 197 of 490, columns 255 to 305 of 560]
16.5680010933323 16.4754400925221 16.3798591802348 16.2789452642119 16.2432093329018 16.1443464357476 16.0142616056 15.9177185585896 15.8515022028163 15.7529931530904 15.710376814216 15.679337377358 15.6323631440716 15.5950331771983 15.5146470890591 15.4383974009962 15.3315308002834 15.195057348962 15.1000474269786 15.0058628513047 15.0008332315437 14.8701589280331 14.8631433982841 14.8022136295196 14.7188354974035 14.6598773432347 14.5933402498672 14.4998173402046 14.4280605959875 14.4191804859195 14.3820533754092 14.3550861360915 14.3410997072395 14.3440050636986 14.3594588942549 14.384901008854 14.361963799863 14.3310070147563 14.308976211266 14.3506462396028 14.3472170197037 14.2767254011559 14.44467291131 14.5423956629097 14.6276597013518 14.7381740118162 14.797145570585 14.8446823716679 14.9380796415309 14.9522805202951 15.0397135786453
16.4977306469124 16.420629271544 16.3320115631438 16.2314729230478 16.1970188197649 16.1553740021805 16.0426790481987 15.9359696015552 15.8312303533883 15.7338140853325 15.6966996064037 15.6545163396289 15.6074480139166 15.5805742728948 15.4889993087165 15.4351596789124 15.3557409971353 15.2650820335891 15.1379548214258 15.0297264882566 14.9959655515814 14.9053294849522 14.8907062508824 14.8088908788581 14.7102476209045 14.6789170445726 14.5984561661342 14.5170750793835 14.455523360581 14.4445694912302 14.4142610909232 14.3863171785942 14.3702113898242 14.3913942252091 14.424444785566 14.461588854279 14.4854070008539 14.4593225030993 14.3776818127026 14.2971328210433 14.3745123121701 14.415163317237 14.4023143526119 14.5461408849852 14.6929466171339 14.7926632789474 14.8387591219355 14.9374478161895 14.965044050607 15.0076891672275 15.0713403585798
16.3953269151935 16.3493656064197 16.2397290966504 16.1651024523422 16.1149102074927 16.1247960066687 16.0633537253261 15.9706944908558 15.8558656809782 15.7107529717379 15.6459358805338 15.6336377478894 15.6201511658855 15.558060571528 15.4710182909333 15.4140077998423 15.3392247508014 15.2649877716303 15.1697083746903 15.044758290056 14.9616957958962 14.8913891158644 14.8704793429881 14.8051487032689 14.7151699181414 14.6802633087233 14.5987896010202 14.5220442183515 14.432332733406 14.4576661590588 14.4364940452146 14.4152555472188 14.4064163220553 14.4247168353386 14.446083079329 14.5168082465613 14.5765526084898 14.616525680108 14.6112768126088 14.5701317677139 14.5282869195812 14.4702525659823 14.3732427685205 14.5627363313685 14.6563065544259 14.7768420459723 14.9029036465008 14.9746037845819 14.9785796046711 15.0356820897301 15.0862179299548
16.3400345361243 16.2804370105115 16.2296368128879 16.1584133298271 16.0939195062067 16.0593233406871 16.0230921800191 15.9610465803528 15.8679958797572 15.7525242517929 15.6277530957387 15.6180949783561 15.6057502474569 15.5169777743065 15.4303988168574 15.3869381968132 15.3027780462265 15.2690050572167 15.1849784311633 15.0907210565233 14.9864256115697 14.8653996281356 14.8529833908727 14.8074059206787 14.7172691008016 14.6620864780121 14.5988920224816 14.5304386544398 14.4416886222786 14.4723418227092 14.4551721121139 14.4283116648054 14.4341012239893 14.4553199480733 14.4792755801232 14.5352926605646 14.6352238450805 14.7100460407681 14.7645101805986 14.805552190395 14.7459468447354 14.6270040941469 14.5782667275375 14.6090653412473 14.6493856953056 14.8304023465719 14.9076281183783 14.9157301174784 14.9601196455397 15.0665870520482 15.0727471727707
16.3492909211043 16.2886326305589 16.2387122542839 16.1753659844433 16.1175824472181 16.045310297584 15.9488398600433 15.9276197329594 15.8590829701845 15.7397318046144 15.6402667814139 15.5866939237904 15.5584098008754 15.4862606402183 15.3826357072501 15.3528019558535 15.3101109804114 15.2676142253822 15.1853543487837 15.1140638914646 15.0211561432178 14.8884080761808 14.8437130272525 14.800518528644 14.7205422308615 14.6346142610353 14.5949300974658 14.5380605360742 14.5087164443638 14.499079391726 14.4720107391683 14.4484912303746 14.4285069387541 14.4460350621561 14.4939161269323 14.5580750290719 14.6635661985515 14.7673244827687 14.8692176267328 14.9504806135991 14.9632368742361 14.8893112434058 14.8752857194206 14.7125520492867 14.6921310915866 14.8153630614638 14.8442522820989 14.9859684500205 14.971401319882 14.9638671478865 14.9403143803394
16.2903971036054 16.2487908904246 16.2018162655546 16.1299130166243 16.0685150173701 16.0087802904628 15.9116339332079 15.8647643720166 15.8306278577698 15.7326415922122 15.6173943367605 15.5443026404378 15.4952172732069 15.4389839080368 15.3598126541445 15.3452979125621 15.3046495064002 15.2382428007247 15.1775052626909 15.1121624104576 15.0389106096762 14.9165666883165 14.836439593501 14.7778198774378 14.7039537690787 14.6457542179652 14.5836617578884 14.50455448149 14.4725293502426 14.4858913358852 14.4880816157979 14.4511512904465 14.3981487615657 14.4164794798944 14.4616537961329 14.5656489041619 14.6765743873112 14.7975592203438 14.9360476810006 15.0708112704059 15.0942929921317 15.0476348238479 14.9897881571166 14.8688340121859 14.8365962712411 14.7931068848475 14.9116793987705 14.93480678495 14.8886667507059 14.960666396424 15.0618543701577
16.201138505879 16.1677376805954 16.113364538219 16.0402414491725 16.0148803806556 15.958729343163 15.8928692114069 15.8300847850446 15.7911446344361 15.7439504267549 15.6539190714229 15.5758568104014 15.4721378368384 15.4139398030142 15.340826429001 15.3302064191366 15.2615408812182 15.2147074042666 15.1847339344102 15.1184845256272 15.0548486716036 14.9885507148114 14.87764210573 14.7649288036837 14.6918566326837 14.6459668561131 14.5912685470588 14.5295142635977 14.5178878068445 14.5139891750612 14.5005394020858 14.4545423860105 14.3826813168558 14.3450706108333 14.4135544859273 14.5497797606005 14.6647416975337 14.7924476292065 14.9608812261027 15.1171431763612 15.1640485839302 15.1220374980413 15.0760944664246 15.0069309390331 14.8995456566792 14.830010317433 14.8735727830823 14.9436548396968 14.9520658424441 15.067527527063 15.1334857781501
16.0911546013147 16.085764959678 16.0621574056899 15.9733020960857 15.9459403648639 15.9040975923611 15.8551122207435 15.7905997259183 15.7448486766342 15.7207120542917 15.6659888735476 15.6022579958975 15.5276586889932 15.4577404664175 15.3474786660287 15.2750611819865 15.1976237698053 15.1759920668481 15.1724860718432 15.1118682775469 15.0567438710716 15.0024594302982 14.9317012095787 14.8158768482815 14.7052428114527 14.6369992593327 14.6158622760743 14.5876038485188 14.5658780976799 14.5407044867759 14.5025455447328 14.4274651342513 14.3647432380475 14.3067845977238 14.3295581260392 14.4695247519793 14.6002055268727 14.7570533164426 14.9268193903603 15.0706855392018 15.1543916129143 15.1579793491224 15.1097824717918 15.0536195984575 14.978172542512 14.8775377055275 14.9692239141203 15.0659609804256 15.1780486994057 15.2230913087018 15.2669809691912
15.9929320164217 15.997644162019 15.9833839899557 15.9355752453279 15.852836641949 15.8390978663346 15.8010723171304 15.746367238962 15.6677348617793 15.6544526375739 15.6262111489054 15.5768364710431 15.5192586615953 15.4613759194989 15.385423025936 15.2955863213831 15.1732363030497 15.1638072225765 15.174262316051 15.1062742162171 15.0630453272416 15.0241176373081 14.9632328891998 14.8555005990931 14.7229682931481 14.6552921755327 14.6260148033133 14.6180942371755 14.5854784360312 14.5612833492868 14.4949640388338 14.3923801334555 14.3125930056188 14.2547809683925 14.2253435297214 14.3623825924895 14.5053394616062 14.7063753620335 14.8837524126574 15.0171891948303 15.1134488249658 15.1454388682572 15.1733886527835 15.1233846035616 15.0526843039223 15.0369653552508 15.0675854344343 15.1349517235407 15.2021833316194 15.2579618735366 15.3356296745294
15.9083863792447 15.894815248547 15.8619750493575 15.8509550145842 15.7711553125814 15.7601411186994 15.740646278685 15.7119083673679 15.6307067139694 15.572481514163 15.5767094926764 15.5027180838723 15.4849806928187 15.4395442403285 15.3837502491247 15.3118982087996 15.2026606031002 15.1875511253742 15.1568323744725 15.113059636896 15.0793194565051 15.041145855326 14.9849034493627 14.9068913082537 14.7767440293775 14.7060888391006 14.6945414554211 14.6444380158912 14.6112589200163 14.5861180655619 14.5043821130267 14.3852776524197 14.2657107373589 14.1671675483778 14.2157545592208 14.3442374905775 14.4859087727893 14.5752099635738 14.8255461804303 14.9563185909921 15.0666559911097 15.1486665157459 15.170384327042 15.1716324811596 15.1486086663885 15.1401617097084 15.0880828043346 15.1231015151982 15.1316740290999 15.2855302346736 15.3740581651628
15.7957167601897 15.7893327171689 15.7455501768331 15.7423953334287 15.6932809853143 15.679119298919 15.6730764487853 15.6541961033482 15.5989329676472 15.5232500391442 15.5216065104016 15.4665729633651 15.4502274238817 15.4073367853427 15.3593875568579 15.3122450571609 15.2599736795013 15.2033700731705 15.1632920365396 15.1244510589288 15.0821842266077 15.0574339733208 15.0018213070174 14.9526102820511 14.8483087684188 14.7441314842157 14.7166988951614 14.6693530534683 14.6559167357529 14.6160478056056 14.5277796392602 14.3780516628511 14.2496973958854 14.130176508661 14.1676355800092 14.2737634916762 14.4316384256879 14.5248349172976 14.7531916765774 14.9136288155991 15.0340226720075 15.1399681554305 15.1752375041457 15.1700244151077 15.2259424475566 15.2534086799131 15.2372650938197 15.2592405100881 15.2605866420644 15.3631219103436 15.3912230946985
15.6903436788496 15.7005444185205 15.6619341044396 15.6100512557592 15.6226748038853 15.6142095744642 15.6056731871202 15.589500148188 15.5648255139241 15.5210318604648 15.4534634106096 15.4505660352951 15.4202147463472 15.3793072638064 15.3354052840864 15.2982282922599 15.2626985817589 15.2230648834128 15.1718932008067 15.1373685563405 15.0920034470764 15.0674978123252 15.0283306051559 14.9834738530211 14.916829025109 14.7999294511043 14.7672476188163 14.7493767855006 14.7107974396724 14.6594611716191 14.5714011356758 14.4151144419256 14.2522245930883 14.0829886097412 14.0490287351971 14.1857755147067 14.2981333986209 14.5668534888157 14.7701868965286 14.8950088559391 14.9947769944419 15.101498016953 15.2016020984989 15.2394299397341 15.294815366663 15.3404746601305 15.3458356471738 15.3582805990423 15.3804895234108 15.4011251814276 15.3591845180286
15.6031659712994 15.6002762527267 15.5579376890593 15.5460407688203 15.5575225404433 15.5454549109599 15.543401032948 15.5347764518555 15.5107155149712 15.4838036261091 15.4300632161017 15.4154407309324 15.3892703171385 15.3504006043603 15.3125128043336 15.2820163523037 15.2588769586738 15.2248498401268 15.184438979021 15.1159727423552 15.0479344212588 15.0839747725246 15.0542420545867 15.0145794557084 14.9673590680614 14.881548826011 14.8248980197064 14.8236029628184 14.790253444303 14.7370544602848 14.6561845440661 14.5068032628705 14.3554769648711 14.1252662911268 14.067099220847 14.2246212233435 14.2720937820952 14.5773224722587 14.7957100971464 14.8912851097254 14.9353326108586 15.0101599175697 15.1914047020447 15.2626637399912 15.3129042423057 15.3674440323502 15.3716967220766 15.42605170249 15.4652671793994 15.459527532411 15.4156183557616
15.4978322464077 15.5060086206589 15.5006835914369 15.5030427081782 15.4932429122836 15.4749702374626 15.4749879094577 15.4747358279623 15.4558580290613 15.4315372540999 15.4071366681925 15.3780082317553 15.3557385810269 15.3189502603454 15.2831470224531 15.2656107644061 15.2401944923554 15.2163287070489 15.1959002549742 15.1584961060057 15.1070316414304 15.1095576896731 15.0870169811711 15.0413679813394 15.0044847122746 14.9559021312062 14.9075000518745 14.9067583769594 14.8546049509215 14.7784308461542 14.7386804078693 14.6234185891394 14.4905857676994 14.330907175626 14.1899228135518 14.3071216944493 14.4112129508551 14.6464615325667 14.8260917595333 14.8696053792833 14.911629574573 15.0642133183759 15.1317519457893 15.2293862518638 15.3233452342912 15.4130405574451 15.4552396496722 15.4890838208018 15.5242237101107 15.5602181269438 15.5554902328512
15.3927111389041 15.4024644210471 15.4107259190878 15.4144361761997 15.4085023705864 15.4085792499765 15.4036552792108 15.4060339594319 15.3981952800633 15.3787339700118 15.3515142280356 15.3110367271975 15.3137229216922 15.2900439017049 15.2589481337311 15.2427592912212 15.2235253637822 15.2086007695458 15.2032672340899 15.1642474135118 15.1170421940894 15.1088585749226 15.0902188751058 15.06944849671 15.0454960226133 15.0241517186315 14.9972696982305 14.976280249194 14.9338479497274 14.8236955714872 14.8531306791417 14.7888643748024 14.7128575893047 14.6100968542005 14.4273289084783 14.4145867614504 14.6032452470987 14.7935158686272 14.8781862609319 14.9112993566232 14.9835342631531 15.0742432441062 15.1063621015186 15.2197025366356 15.3713221548684 15.4495236911424 15.4872076756961 15.5320438737285 15.5691361877521 15.6033215483516 15.6457956928822
15.282978169518 15.298798238232 15.3040690841574 15.3210506375281 15.3215255127957 15.3370072246064 15.3365237009494 15.3290199864753 15.3261942609287 15.323671733219 15.3001563815104 15.2648326729615 15.2783852759664 15.2442436283408 15.2248858288179 15.2170794233211 15.2003347758688 15.1933657618586 15.2086408611876 15.1163326284337 15.0566267972488 14.9264120841718 15.054318284193 15.0922510546642 15.0902835174355 15.0855916053645 15.0750319017321 15.0556049525276 15.0349882515469 14.8905223322498 14.9804339265657 14.9437933633701 14.9066513542428 14.8612255091569 14.7675315829712 14.6636632039697 14.7885091256424 14.9159375950063 14.9018146370229 14.9478844591059 15.0346629683701 15.045608992507 15.1660348581298 15.290818654208 15.3980072737851 15.4910120056857 15.5283697551515 15.5735562212797 15.6129329143983 15.6524537732731 15.6832344879342
15.1744946848901 15.197341803958 15.2025577599468 15.2163025648104 15.2350101494939 15.2580267760507 15.2639918438672 15.2525490520252 15.2475912248128 15.2583701343517 15.2576935636949 15.2475822093114 15.2329231976308 15.2146198871209 15.2031056075395 15.1943271132104 15.1639388986576 15.173445894951 15.1979357463141 15.1971237855019 15.0874283831662 15.0479190028085 15.1031638160096 15.1323968347611 15.1089852015538 15.1256201010148 15.1455606623555 15.1194497688466 15.0970425583477 15.0355310286293 15.1089336788183 15.1053293023063 15.0851349113855 15.0623123620211 15.0380845800204 14.9615312746765 14.9238443222543 14.9845746062061 15.055784614205 15.1114222299707 15.172945535849 15.1204081274715 15.2704906177824 15.4103301985632 15.4835708753038 15.5101851336165 15.5614977314455 15.615111592781 15.6725141075133 15.7002815536027 15.7219672345389
15.0617363013995 15.0563978551127 15.0714053897798 15.1033713932821 15.1545356078077 15.1665731511358 15.2030631910447 15.1828207462971 15.1546294732457 15.1623285264857 15.1868415424611 15.2029369749708 15.1755976904709 15.1590030262456 15.1735508587896 15.1705044475804 15.1337962144025 15.1753571504371 15.1773403920748 15.1916716042139 15.1793725795806 14.9098382324134 15.0547751552532 15.1669223129887 15.1465971239961 15.1625791144563 15.1958940380971 15.2307755029701 15.2672414202816 15.3020951368127 15.2988818068959 15.2258997767722 15.2295911927668 15.2414671745716 15.2379188315283 15.2149712262732 15.1114398239251 15.0565206982333 15.1657917538176 15.2556621111254 15.3335777005493 15.3237103362607 15.3699386069998 15.4693519301599 15.5201267870158 15.5104903162604 15.5446397608137 15.6105225515047 15.6888649087706 15.733092698282 15.7528241678185
14.9521040204483 14.9625097383147 14.9708480464333 15.0265646994142 15.0704441144123 15.0723186081015 15.1346049759012 15.1074183521644 15.0777911947255 15.0343882862631 15.0812695045947 15.1584093968521 15.1174855432147 15.0873508857091 15.0998504671146 15.1274273619561 15.1005890246356 15.0746082841026 15.1484862019637 15.1929579511525 15.2075477899085 15.1687671284159 15.1458256696114 15.1128624312712 15.1926635681326 15.2060151355224 15.2786500948883 15.3679597946396 15.4138671095476 15.4354306862245 15.4116839667564 15.4132678582596 15.4080044702082 15.4035921841144 15.4101213664309 15.3888695891068 15.3643206245183 15.3257273731018 15.261571791976 15.3688789225621 15.429858563975 15.4316096907361 15.4945347806265 15.5396708254877 15.5509767572406 15.5624398274624 15.5989423105241 15.5978027756089 15.6696010334209 15.7476181188869 15.7673756629199
14.8737446810249 14.8708557021829 14.8655412309354 14.9088709052215 14.9887079567141 14.9744060757403 15.0648867905877 15.0443332497214 15.0079122358312 15.0134929402112 15.0067530250669 15.0431128679936 15.0816916029096 15.0521846557893 15.0675844496688 15.0606688760048 15.0266934777159 15.0713533155853 15.1530823581697 15.1992045355971 15.2386714446025 15.1141134710402 15.0830695773765 15.1503278035471 15.1361112058189 15.3050365102865 15.3959960933598 15.4784139065133 15.5232690465968 15.5724688822019 15.6032902373594 15.6053000012084 15.605717135109 15.5965943586812 15.5760104654139 15.533229194541 15.4976638822635 15.4497348306725 15.3896730259608 15.4413503783864 15.5119177184544 15.5510379021204 15.5763065199712 15.605206237431 15.596254724235 15.5879932178724 15.6082325089703 15.6976142942729 15.7606283480339 15.7273249798603 15.6654436744334
14.829313330473 14.7747319496531 14.7556805918563 14.8025843567001 14.8723527899139 14.8886894139935 14.9951627272384 14.8961463191448 14.9254292479765 14.9904264439194 14.9815967814274 14.9750555406324 15.027789517224 15.0514404330453 15.1049484692818 15.0495962327822 15.0507803259872 15.0898828934731 15.1601863755252 15.1769449640725 15.2238910945595 15.2444915242248 15.1798117191165 15.0412114624355 15.1717484054345 15.2166434536998 15.4705125965112 15.5545542485263 15.6175942603781 15.6900799949242 15.7677394153871 15.8214492268973 15.825832887823 15.783566607033 15.7293422373573 15.6568180071744 15.6112911953286 15.5542426083025 15.4859673621575 15.5221517994881 15.5934449892218 15.599254984503 15.5921366942504 15.6271743552521 15.6215636383874 15.6691594083346 15.6550427160446 15.6895267343451 15.7735552146311 15.7159903758106 15.6991129067299
14.7574679847653 14.7298048499385 14.7113442287779 14.840572579291 14.8860924981073 14.8742223166103 14.9497333193527 14.9123027474985 14.9252191411923 14.9868616771043 15.0534914502362 15.0053627523179 15.0982484899974 15.1005137419275 15.17062211092 15.1701169374724 15.1723500647986 15.1861076020453 15.18010934971 15.1956914251752 15.2615516299313 15.2423651323786 15.2428114753357 15.1906888552669 15.2038789265863 15.3422702774579 15.4534670357966 15.6108655289697 15.7061240371512 15.7907879160935 15.9036230760505 15.9990352547603 15.997316103806 15.9250936850164 15.8501206879851 15.7532849150511 15.7008286954619 15.6601629259732 15.6095546350406 15.6267988508144 15.665217381329 15.6448825982938 15.5944385327197 15.6163620598855 15.6504739610715 15.7200027340695 15.7537724355224 15.7889908885314 15.7892262313458 15.6754862218356 15.7270726920158
