Climate_data/Aus_bio12_Equal_10km.asc
NCOLS 560 
NROWS 490 
XLLCORNER -2904860 
YLLCORNER -5334205 
CELLSIZE 10000 
NODATA_value -9999 
[rows 88 to 109 of 490, columns 255 to 305 of 560]
1763.73800882455 1785.31678721611 1783.40899467371 1753.93562319474 1713.46139571594 1663.50606265551 1630.37257700695 1615.46108395741 1605.82681064359 1593.63376004554 1589.94301363365 1590.80251545407 1588.309727025 1584.45830629003 1579.79474502553 1573.44555060112 1575.14349363776 1575.49726632243 1576.10772623277 1585.48177688539 1593.39903814251 1591.23349729762 1576.56154089731 1569.98708388443 1568.57642318961 1523.1036343697 1522.25319653688 1486.53203281754 1471.39836995744 1470.10246262005 1416.0817505179 1412.03973191326 1383.41125013528 1367.80119175426 1295.30485986767 1277.00882554242 1262.59332595815 1261.57373552898 1252.16935226843 1264.60590665468 1272.60944966487 1294.23683003429 1304.1011310728 1315.27043988877 1344.24017567706 1363.76281296544 1356.70687167232 1372.45128400129 1401.52900002349 1428.49484274111 1436.59871524877
1763.91110804491 1768.45839578978 1748.69640573025 1722.25721806936 1677.0543855033 1626.78866436449 1596.19898853516 1592.89069593458 1597.18829762451 1584.04426580824 1586.46792561462 1592.27202275866 1591.07734163284 1582.24272192404 1587.60706859404 1579.84102173383 1578.96326443111 1579.23844363385 1576.40682794193 1581.06325992756 1591.34422156899 1599.73443991598 1589.07722826357 1568.5536736237 1579.04276777563 1556.70254265373 1516.04741329862 1494.84707637805 1512.40086083493 1486.13915457118 1448.91983108785 1439.95963687134 1405.72562106883 1364.47753821403 1322.80789890117 1292.6776221617 1259.3343060088 1267.06679818242 1265.38243021836 1261.35689526053 1269.89577064104 1276.36172171756 1287.6151700468 1304.50421695215 1330.78019139221 1356.32619404484 1336.44395419724 1350.03527785134 1376.73386852676 1402.62272084505 1413.9658878193
1743.90193429925 1735.14922013626 1719.22967271323 1695.42486908943 1649.82240203022 1593.5600670085 1571.06047004135 1573.88997464273 1584.40419167913 1573.42737202376 1582.19392007154 1595.40618544824 1598.57069975032 1591.6847820137 1585.83151999981 1577.13328185213 1574.00266611893 1577.84313418423 1579.74737228746 1576.02333821804 1583.60800210679 1588.47153764727 1589.5594268403 1568.5446308649 1539.59211656238 1545.60822662569 1514.07349957774 1470.00726575124 1465.12084050771 1478.97858479994 1459.65027247713 1450.48084281358 1417.56605733969 1368.98018342293 1353.73683924716 1319.92473926323 1263.79392276569 1281.80750624282 1268.03928323852 1270.88367973564 1267.02070224786 1276.20494155197 1277.73031533395 1288.83889812975 1309.79509557397 1312.28968191696 1316.60944169217 1330.80250475991 1347.72044330569 1367.99665849208 1389.56508694125
1716.32982317308 1711.74842130218 1696.83982112512 1678.35216603442 1630.82055870518 1584.68083481521 1567.96320130191 1568.10225793551 1566.04519227907 1560.78648764262 1574.39594707255 1591.48994614883 1587.03575555773 1575.27301511505 1576.05088451494 1572.2560240901 1569.48711215525 1570.49341978769 1570.99505531524 1565.89711659221 1570.64125131162 1567.99675399872 1566.66116257244 1602.68501450836 1555.02326606468 1563.06093359507 1557.38596099474 1518.06284102949 1461.40936799389 1462.76968537781 1454.83253051221 1428.69523207965 1393.61974038403 1369.84169279621 1359.00470779725 1312.9203360221 1286.77578350231 1286.39000725079 1272.6107034279 1281.92915229547 1264.47679869973 1275.81016884171 1270.5100409862 1281.61929754723 1298.29889039363 1305.77429588165 1310.29214513336 1321.31877183771 1343.84478305488 1368.472010116 1387.49754760896
1719.98901535597 1702.34109691438 1697.19945497052 1669.55233530687 1618.01825232231 1584.25772367075 1567.64950813693 1569.6363344429 1564.37979945804 1553.8788206455 1563.92026146349 1576.50294744966 1573.84927900292 1564.26226279122 1572.24826164815 1569.11349392215 1568.86068578482 1560.41024100133 1551.91318422731 1552.36643722412 1558.3798276999 1548.53592660509 1545.20653490842 1531.21358448229 1583.16431484885 1571.18371169278 1544.4921158303 1496.1819295627 1456.2261602597 1422.5038653279 1425.26615003287 1430.27199355966 1392.70352665675 1381.09937774993 1346.65457511031 1325.65510440676 1301.94830388518 1312.58877415181 1298.42271453045 1270.73348666138 1255.3553922054 1258.65967813664 1255.74234466951 1262.25422185438 1285.35329194337 1294.36048611162 1294.93863176952 1299.49441016728 1333.86960224465 1342.939587352 1376.03916765127
1724.23837533857 1702.4313495464 1681.80986104031 1657.40533504321 1612.46301164345 1571.41761363667 1558.21372656007 1559.51960469353 1561.34629956843 1542.4656502526 1539.51025897717 1556.72648869728 1559.37017736574 1554.10957347978 1563.94711602838 1563.75431881903 1557.87960207757 1542.01792725597 1544.15310945873 1535.11177449847 1534.93672341819 1532.49398796078 1508.54013105073 1559.16208028982 1585.73077274601 1576.73053878126 1540.84039172516 1486.36475236863 1441.82008947372 1412.69411037255 1405.03830010888 1415.02147604107 1397.839261818 1377.3261382967 1344.41006636289 1305.60773981157 1306.71222814322 1315.19795301527 1307.2260598026 1275.97633308965 1254.8027132282 1243.83974416751 1239.74205568912 1237.06904562893 1250.88314242667 1269.76315037076 1264.22630451558 1275.22963758573 1300.79052882225 1326.67473584829 1354.71792217113
1723.89622245878 1698.55010693904 1669.30963461419 1640.25528372723 1586.89456576535 1557.83864261532 1544.25790148714 1538.50223063416 1533.38814367898 1522.19730428555 1517.50423206409 1521.92128341714 1541.97662783805 1541.18634059385 1549.44922596424 1550.16823331194 1535.452967297 1529.21293239799 1534.26138564366 1524.32662093112 1509.37384210778 1502.66663435176 1480.45722607866 1506.44984381929 1511.63744810018 1511.63902915896 1493.28999031442 1471.41919491158 1431.54168942382 1409.96455361493 1419.90743668974 1412.42744750433 1387.79728575277 1351.96660342551 1320.37964070287 1301.23453415028 1304.32430485576 1293.94935365952 1286.88893707182 1265.34916384404 1239.66870865092 1219.15724271078 1211.95196533807 1215.17948015028 1228.09622725005 1227.18793309402 1230.37078212195 1248.98183113756 1276.05805560179 1302.16491531701 1320.13125708172
1746.17896568791 1695.62939629655 1648.92649738303 1613.54606968606 1557.39993331335 1539.65512822681 1528.35885760181 1522.54506335928 1513.41276632186 1499.06820658687 1498.49541515837 1504.52390979038 1518.69040486863 1524.76625807221 1528.22910002095 1521.08728589404 1516.7022223951 1531.78794033414 1518.76330921114 1524.00835736326 1490.0670305452 1473.77713004551 1490.03851072789 1522.57848954153 1497.47696078064 1475.99651416758 1475.90540851352 1451.60290488383 1408.48431192295 1410.37263573435 1398.46184368264 1377.65939017866 1345.78337433748 1314.6721746868 1294.04762500242 1286.57160911151 1281.50452888956 1254.9860592781 1249.56774578019 1228.32956950846 1207.67054821463 1194.41419309899 1191.9771494692 1197.36519117776 1197.53310857567 1198.48703858548 1210.49105345799 1226.40603436382 1241.95680102507 1261.58539076952 1296.15700028747
1754.95239237544 1673.32955719172 1618.28787539251 1563.08753031212 1524.96513967997 1509.79517304621 1503.2995427851 1489.04885690963 1486.75013210233 1482.24259031532 1491.63182766189 1498.79712221282 1498.31883047104 1509.41285515004 1512.7787818765 1513.02962160709 1509.1818922651 1512.94855698738 1500.33917815675 1532.5730898409 1493.85038053078 1466.00641381414 1488.78100458291 1530.9319363637 1520.11327170574 1515.55877424134 1484.51451303581 1429.68209004229 1407.98457200711 1405.44731818846 1373.58653306572 1341.10015893063 1313.26430866589 1294.39537571623 1286.29210025857 1244.6360500273 1236.99905361973 1214.60407511443 1210.01738314287 1200.60447911223 1176.28904440076 1171.33076962028 1172.22076655751 1174.21797509527 1179.02467705457 1181.09078617674 1184.00756507683 1214.4590964496 1220.83775135075 1244.55095998939 1304.81528653214
1658.13074379009 1639.00013678275 1577.6344379964 1537.33325025606 1497.80464905601 1474.30652403994 1471.16521269531 1465.70126511354 1462.01438397862 1455.41657058349 1456.94497947452 1493.9172900843 1479.88282262873 1492.59418571279 1502.36308704958 1499.14601708758 1497.12400164732 1503.80353070538 1525.43886994667 1547.81273258422 1559.65906894387 1509.24509787131 1472.45886530953 1506.13263486668 1496.19947936139 1497.10781681708 1468.85811107266 1438.96100748391 1420.72700855845 1389.39540172971 1360.92298648394 1327.63316667714 1296.83784591249 1280.62687595649 1241.56342107797 1209.20758972128 1185.16456448681 1161.54292194426 1152.64864647958 1169.13454147181 1151.78003471797 1149.4691863126 1152.00533122257 1155.16778627334 1157.81585791967 1157.68996831383 1164.53191229687 1179.42130661875 1200.30523729014 1258.72521960537 1263.45015955617
1615.19472946969 1604.16276256402 1540.90659711194 1527.65953006419 1487.62133683685 1448.13130662943 1430.50868435185 1435.01844993589 1429.71478196514 1435.42188917769 1432.06832652089 1468.42702274439 1459.84558500409 1462.55325845606 1487.85755979971 1495.50435263957 1484.4805180129 1490.82547634302 1521.30087346535 1550.50671552221 1514.48666467043 1507.13838789253 1481.23833608695 1482.44316206947 1489.84936468507 1475.69943882589 1433.51032751254 1411.49358533463 1406.08941711892 1366.88687206 1325.9630558016 1300.8901012766 1273.71898793293 1243.43523827763 1214.95676595125 1184.25197413019 1158.64681959898 1138.21972247134 1122.71969195321 1131.70050624312 1127.25389962169 1131.8272465634 1129.80339935732 1134.64484497568 1139.84174779855 1144.17262893766 1140.11442204059 1152.48607691392 1207.39695852728 1229.40035127488 1205.42357474102
1551.00489286461 1550.04573993732 1512.58555498314 1489.40971454616 1475.35765395264 1439.69338021736 1400.09057525996 1399.72894008896 1400.16967397442 1414.75427543573 1416.26123398895 1443.61381424248 1454.78106513855 1455.02248985656 1463.13933852077 1488.43068928726 1511.6323724219 1500.26362519849 1478.59291119705 1473.45210559678 1446.25666811879 1477.06065881978 1452.92521558252 1449.78293903555 1457.24892260343 1437.56365833355 1398.89459783602 1374.22719214103 1362.50938252442 1330.78070739935 1315.018717584 1270.31057564013 1230.24642632774 1194.89914055275 1168.8769615357 1150.93461950831 1116.19140193824 1097.36714693892 1093.62586028663 1092.7734894784 1109.55375552379 1116.18287794806 1113.99819540539 1123.15886797132 1123.02776691505 1129.18976642652 1120.76440579834 1139.14421259574 1200.77938432376 1183.17624736428 1169.97253360178
1510.86584104971 1487.08235676666 1464.00584583383 1435.57552344924 1416.70208210024 1397.82645679102 1371.20626383801 1370.80928585419 1399.05239028303 1421.74358725433 1412.35705376653 1431.77788945336 1453.21783030988 1444.25899253218 1440.74510985268 1449.3259738725 1491.46420332698 1507.48016665084 1509.99155266518 1498.0671157929 1416.52529643721 1412.8818636793 1398.99939052309 1389.46902806387 1382.33111344681 1394.77010398606 1367.16191675029 1331.5742228488 1307.52099775909 1294.64830445334 1272.55170405113 1232.48051027776 1200.27056086341 1161.82423871067 1136.6669905141 1110.42471175528 1087.71127223506 1077.62642371044 1066.85308903569 1059.47372254095 1078.32904939241 1080.8131806565 1096.22992256375 1096.72799836073 1094.16760862483 1097.60431692555 1103.218900914 1112.6683644715 1144.74903961852 1135.55975517918 1130.12460443019
1472.48531909004 1441.62670817565 1412.25180668105 1376.79961388194 1356.03161934522 1346.77574474286 1330.79583181933 1334.81602368564 1369.60975489563 1401.70809207203 1403.86976223425 1412.47538883962 1412.18733216195 1416.79654859026 1440.33629345833 1431.79370600112 1439.8585111032 1445.61913214982 1475.49787171763 1489.64764749258 1438.21810704676 1398.00087173827 1372.3594889069 1344.80384766782 1328.68730198144 1356.12776642896 1317.20925635374 1302.16927221962 1287.62558733861 1269.85350092933 1228.54435608497 1192.91324437717 1154.93163876539 1136.04692481579 1115.5442981156 1088.80848294486 1069.77433302636 1057.17057493114 1054.40567387529 1036.42262294001 1040.15304366303 1044.36346132191 1058.678160827 1066.53365771458 1071.53464291958 1080.3902749492 1082.40185953535 1080.02408149434 1096.10709094611 1102.55065729118 1111.0889096806
1414.33694013739 1393.82226628828 1373.13277463276 1334.13986725329 1318.12193114418 1302.76040157353 1297.88079767217 1311.31621982547 1331.94944152948 1385.86770649859 1399.80046030284 1406.22598232565 1400.41695845104 1406.87292710951 1423.94239233065 1422.75866131266 1430.56024435524 1425.33539422785 1443.83818612946 1443.70746561765 1424.80789702811 1372.78451492947 1344.25306145299 1332.70297165091 1334.30952396484 1305.07792533942 1292.195844174 1290.09145019013 1268.06423481299 1228.28190550057 1196.38500554685 1161.62449137695 1121.40832703974 1097.45847923952 1075.72053973007 1057.55958309799 1042.18658708125 1019.56045294047 1005.84821250953 1004.34573144992 1006.98200280799 1017.73861409422 1027.81396003098 1046.66075252063 1058.34252803269 1066.53644824877 1062.08855510475 1052.94420927308 1056.3712035281 1068.08305358632 1075.84106133836
1365.85312224962 1368.79874171982 1323.17976686959 1295.51726068175 1279.64449515565 1269.55830126523 1276.97272047325 1303.21244485417 1335.61730038316 1375.76583676091 1391.8241011795 1392.68646346509 1383.1080278273 1378.78195584945 1384.61035481709 1394.57069082209 1390.94540163024 1414.35910032474 1422.27868430833 1401.40716131749 1374.32334087436 1338.61111165178 1311.35915597352 1319.61383889767 1310.20970351818 1302.10457099535 1293.23259329513 1257.55019252176 1222.38127413397 1186.35169964851 1162.07277573732 1121.3953467462 1102.22742158833 1068.29199140343 1038.14253201188 1018.38350483592 987.559496710505 978.898205890987 974.852289371604 977.205034888657 983.511364725415 999.459104276729 1022.41851440968 1034.50149605266 1032.62749925705 1053.1031755119 1040.32371591735 1031.4563947847 1026.09380891133 1031.48318456123 1045.72626571336
1340.47543245619 1311.09771807146 1289.60526512434 1273.58568499289 1259.37850043553 1243.2057928036 1262.49589275366 1305.14886692025 1339.15445315969 1366.82557905916 1392.03502805202 1376.53082309357 1357.90857914597 1351.70683866318 1355.20408241012 1359.18487263111 1364.57218619129 1389.84460978078 1389.03535519841 1370.05226059412 1331.170524388 1291.60748554914 1272.18705659622 1274.26367185885 1273.9517198266 1265.78849082643 1260.18524981872 1221.42689744316 1193.60906345162 1172.54476118299 1124.46147822079 1085.71527103413 1077.90134496617 1049.83724973982 1011.78026622409 967.151508625321 949.059053216666 942.7782866947 952.316541326773 959.369698182057 968.683303354726 988.366396845095 1018.82079596796 1024.86655641904 1006.92426840533 1013.60471271628 1014.43806812554 1009.5773064166 1004.11594792991 1000.27503548045 1008.7013114249
1336.26620325865 1285.22067528352 1270.65435461572 1262.41244711793 1245.96972442945 1227.8966742659 1251.61569245402 1281.92305211024 1315.25115010843 1353.67470093445 1364.49467346522 1354.23232081837 1336.54350484789 1324.94000190029 1328.945563833 1330.13559014958 1357.09730108607 1361.92826174639 1351.69403012166 1345.76483138246 1309.34967946863 1253.16159704122 1238.56397043912 1230.94010673226 1224.3320324491 1230.00236561644 1226.3569466316 1193.16146408895 1162.50996095729 1152.83405711419 1110.48123777817 1073.77783863168 1041.73397016995 1013.28947533123 986.828994680052 949.591356685123 921.273354799332 928.8080173991 940.600653670944 956.63105611104 962.432206307921 981.227405275046 998.715423995846 1012.16890901042 1013.52018470989 1004.52594903966 989.670699059307 990.938869847027 985.143416371525 983.880720924303 979.828991003847
1323.24272311177 1266.99588119039 1250.45505994738 1245.80871439247 1234.37186457881 1219.92356548233 1227.7171449352 1252.25145287039 1296.05238011521 1326.35793605817 1331.43967477242 1312.70114846943 1296.55135524257 1295.49946237985 1299.60459890626 1293.35665401941 1323.55695667692 1311.96963862987 1306.14328961446 1305.26451647765 1269.13590804486 1213.90017097944 1200.72895488733 1190.70011321409 1192.25025923893 1198.99735631328 1177.85347642583 1176.8907833008 1140.99141361959 1128.50283796322 1084.30556972016 1055.78437220505 1016.74029137226 984.247792148893 972.953171497046 952.458618040933 926.170892018285 956.416592754991 964.033283158215 961.945520209151 956.816575350202 970.933153541694 979.899601836678 995.751979438742 1007.25091103699 996.755968879633 976.439917138319 968.538971538682 966.44905731025 967.031507715754 963.906510078364
1329.90497206489 1264.19063022348 1235.86612087708 1232.60355400225 1227.97074099601 1214.30452147844 1217.06677085238 1220.73537288623 1250.78804338439 1270.81029420883 1275.66095970887 1273.02332922745 1255.42845783889 1259.07955647516 1272.2716989734 1275.19153290299 1290.08278050743 1282.58661060605 1253.43960867765 1264.89493397581 1212.72394986159 1192.09501915918 1178.84218190051 1178.36340484756 1179.73153016001 1156.61369742118 1140.7515547942 1139.69607204665 1123.16454696823 1096.8192290272 1055.00696338079 1020.73705137872 998.603026851429 972.988842272393 965.821071176531 961.192607058844 930.755432780634 950.368525464358 967.042440231935 962.509931228763 950.454341563143 950.232065312603 968.561532070535 990.67546645259 994.225437599404 961.731933840212 948.939039808641 949.918483960771 946.689453427271 946.413565081312 947.908056822929
1284.34381955112 1249.47847951985 1254.46260865039 1237.5063245111 1228.18317730129 1220.85763008209 1208.75353027082 1197.62638063738 1200.68655470905 1217.13852064388 1217.99501846358 1218.46004853737 1225.53337393946 1236.83713605924 1250.57779186772 1249.17523239098 1245.62534681118 1223.93166069627 1207.9663123002 1204.02415784184 1205.40984299715 1184.24405983473 1166.78064171232 1147.5273818563 1137.76026483539 1127.40847736718 1119.08979814924 1106.49054505029 1095.43395002447 1055.6756467756 1035.79088206344 1006.46424884659 985.062105736433 963.991419049611 963.410934564789 945.327991885849 929.890319394211 933.083847637241 951.92884527328 953.351618233253 944.130183021337 936.210394360402 948.390319513272 974.4745721685 972.32496246134 943.503019774089 927.906917038036 928.800523493424 930.35927231324 927.969784517382 932.25490130267
1271.94383267462 1247.83099346319 1249.04724861839 1259.75253123816 1227.72418103902 1220.41862887187 1189.68901770948 1177.22030848544 1174.7555449867 1170.51955034687 1172.79345527595 1184.33766458547 1202.32694719768 1219.07224135326 1211.26433282536 1208.37723000421 1193.85634856157 1184.37182628364 1176.68198593804 1171.23757591152 1167.90219947234 1138.23995867426 1130.05858084127 1114.88571162855 1105.59256026099 1099.15888256181 1099.72571751508 1097.08695613865 1083.8130759286 1040.72467973214 1007.78518755972 992.737197080895 975.691911296324 961.732777803153 947.769346792218 936.208839785852 921.578838462214 924.096490258069 939.994927961854 944.360166140327 950.610576564396 931.933159284484 943.071214104883 951.868373629265 950.652647915001 941.880577947454 925.269209301557 916.702171943997 913.944628283188 914.224632928436 919.501792409037
