Climate_data/Aus_bio12_Equal_10km.asc
NCOLS 560 
NROWS 490 
XLLCORNER -2904860 
YLLCORNER -5334205 
CELLSIZE 10000 
NODATA_value -9999 
[rows 264 to 285 of 490, columns 102 to 152 of 560]
253.422750659151 256.987634562423 256.82168543965 257.927991625279 260.234256764066 263.176438140762 263.334373733341 259.380974709959 263.287302661221 253.493915284423 250.254333725191 232.201721345 215.484952341243 220.680217819219 222.630731340575 225.020654205462 230.80338387622 238.11087465571 244.15731652191 253.346641724539 254.511758047645 257.591969550158 251.728853581258 249.507833750738 248.289610010104 249.483143348111 255.9460555458 257.269736174138 252.476166588597 243.049591001402 240.092404838826 245.137520439442 254.720495260825 261.157304724584 265.61612507575 266.687848253195 258.578735747783 261.355150707666 268.462174068906 269.049327722001 276.045189243818 268.482266998684 269.211955531177 278.235974712884 275.428533937896 270.575271051697 267.103495669282 262.174713580213 269.275658329487 280.446367355441 289.853893819716
262.406395792607 259.096782126163 263.59080051939 258.257084464913 258.810533376716 264.422539091277 256.010675632528 254.444708080548 253.528239250303 249.934682592195 241.132702072107 221.720970031287 212.522916489627 218.275457132708 219.408903535993 227.983780382484 236.226951836051 242.448816279314 243.849409743317 246.07424165629 248.58712605802 250.80771153789 249.114200687643 248.689211684445 252.247123501541 252.781444889835 262.125245927387 268.631001317945 254.964032776155 237.681993620375 229.560043791383 235.150651266407 243.900718046008 251.702905684001 258.02593665484 261.701140406423 257.992216110467 263.365611439233 268.558790292835 265.270195414355 275.807363903268 271.742814908812 274.263184512783 284.821780633419 282.948075019984 271.979798216182 266.039508219938 268.280491140144 277.401498255839 292.151792001185 293.633644620306
272.483447325571 266.05625249991 264.72986771775 258.142498561224 256.687574320552 263.255271841641 254.90788993038 254.256788380558 250.579141671442 247.817485087695 235.407552277861 217.15492439271 213.323561990752 216.549423001143 222.970148436762 235.055990779875 246.13612252438 247.865957692678 251.594651383217 249.844657774006 252.604291497335 256.524140434299 258.239427809167 255.542806984911 257.069684208004 259.623471323937 266.202649865104 271.64224739925 260.326441638847 242.464703855671 231.303325483891 235.517397713192 243.121788182796 247.627131934585 252.944633375926 257.800573046909 259.534124912033 267.879978287427 264.970439959799 265.803558158745 277.069619230537 278.863381671437 284.065644749686 285.998502213772 279.627303345744 274.985526748151 272.597361980216 277.61801313463 282.213713545561 296.403809554052 292.42831955853
278.128679986524 273.118490719457 267.17730870592 259.403759817086 257.443514450626 260.541153317039 254.815492540346 257.222048856904 251.519533485872 241.439380802551 228.922170920568 217.917746646304 219.879509463235 227.705188049515 227.829271409953 240.466904053898 251.440261618318 254.333215824697 260.532680509997 256.01282180745 257.955910197982 261.045914963191 268.272016334767 266.091439170955 262.52624897891 267.730778909937 278.590458757319 279.002518454485 264.488306535369 247.122482387177 243.663963412265 245.939238989548 246.173264347278 250.673299893254 254.240977696487 257.975450748556 261.480258858482 265.95914607348 265.115617129415 269.065735700457 275.065222946908 284.782024394473 291.014027853602 285.790817732017 280.783881588493 283.411343088764 284.860532584073 285.15207590916 293.617479307613 298.840870787961 291.753517644178
286.723699925427 278.681397677423 269.814866955533 262.746481690898 255.814110933863 255.129054260421 256.608560867755 257.748943992614 258.057622749154 248.729935179709 241.236837213628 228.936634807075 227.279861044585 232.748181447418 240.266423408695 240.721302354618 248.81119540008 257.320964285944 266.116080342263 264.063177333607 267.310193651009 265.378931493739 273.689484722452 275.849698147364 272.44396623582 269.905863983343 267.926860664002 274.81918112492 274.545773167065 257.485920207851 259.239419092139 259.399733781243 253.311630212856 252.595709477952 259.672313898773 263.733043152787 264.655972372086 268.445235460151 266.467682182287 269.377113547301 269.471983417993 273.594074942944 283.582270317481 290.687139127929 290.084289036345 296.204102945242 297.094052016434 295.090246713126 295.979103855872 293.180254371379 286.621512580165
296.52461228906 285.709325956291 273.98470537763 265.836016031376 264.685396163158 264.221359441628 265.59211209386 263.776368014553 262.488587703733 261.982647149225 255.325690755675 243.008890596581 236.843482673354 245.802775702392 250.181521105381 253.12696229496 253.709103801994 260.361416010215 264.78855115488 268.871124957313 276.71135297911 277.922975827952 271.045428656424 267.8438449941 270.274814880271 264.994368891685 268.62940509312 277.349086279807 282.301473374001 272.580405264749 272.817563063691 274.651462789101 262.814780511371 256.294760507706 264.621407180702 269.277852214111 270.551954400852 268.764942979003 267.444284879211 266.671012367434 264.079558637963 266.825433713633 280.036673331132 293.426039915649 294.904380487411 292.543134985019 290.317598726172 292.981517151026 285.152081459646 291.743756735918 294.371296300959
308.276098326531 292.828406322151 278.291664917417 271.603983013976 274.196995622304 273.702165993373 270.789929817026 268.047153228191 265.836821180984 266.774002856328 260.617768552863 258.189795853313 248.988282762871 255.202119992723 256.442390854157 258.864795556798 260.60376424534 257.418913326163 265.462012180199 271.406973335526 275.687873040785 272.703932407989 266.361238705965 271.008364917104 273.137699684822 267.442367636883 267.103242995403 270.003988971671 278.826128250176 277.862655243541 271.238919662049 276.135682154889 269.54687429058 262.285500478741 264.605242573824 271.056899399664 274.211897201728 267.922209107776 268.238098579705 267.648804986931 272.848003936711 273.698025438021 281.014354122455 285.471782702781 290.577765050603 289.905983939204 285.178368514631 287.748311215087 282.748193279154 289.724698655507 298.816402399755
316.844457704403 296.766424617635 279.306508796746 277.853743919198 281.540543921125 280.003395427711 276.524787446148 273.390503534365 272.101243617512 268.897511638563 267.051081902118 266.649754953265 257.506956796681 253.91541940439 253.555947048764 256.810893371328 253.177015126981 256.564103852676 264.415270327044 272.458763072022 265.847911259054 270.047320092094 265.636268408377 275.137181358096 279.458793815583 284.231765671169 265.521405155475 259.073920108192 267.144828899441 270.923682726338 269.743371504323 272.239452631434 264.239756933466 262.40500403931 266.66388296401 273.778027265741 266.687081440733 261.297118684273 258.645767367694 262.515883782551 269.99555897799 274.706110656651 279.429086562124 281.776897895412 284.772539080655 285.654747759258 283.038200657276 281.716852216947 282.204465757516 285.583707329849 292.721949951562
324.336947038859 293.930938923324 285.929795462115 287.744053836169 288.387087384647 286.295343052251 282.802521917094 278.303922175098 276.869107811687 279.868160773074 274.851204110752 271.183042324944 259.874078262128 256.406570685265 256.922219922982 256.447322613075 251.181518348858 250.649184696694 259.264499727301 266.536394263114 261.533234358723 263.700892719648 274.373829807585 278.339545381733 282.47654527708 285.25033210559 267.629391596673 253.171635707406 256.247881648341 263.984625274257 268.710796495772 267.843172700813 261.765377571663 260.241452805981 267.932767476306 270.349655062281 255.848673996728 250.406876246703 252.28914022078 254.076736738631 264.163861171106 279.359442577649 288.841243279168 282.589399280061 290.358168361106 290.872687060235 286.980932657423 286.036799044791 287.940007363592 286.491420680471 289.353713002471
326.935800056075 310.10971999755 303.913437478094 295.32640705 294.421249826074 294.895695488555 288.8159008765 283.084758348587 280.062840536013 282.212229117827 274.472900107212 271.674515402977 260.492463904467 267.535503654129 266.675964725041 260.441880648763 257.689133540946 257.533357061117 262.904775381358 261.881195442662 258.557495713067 266.75975297535 274.395396616829 278.851212743697 276.560888301794 270.969787656779 258.911263132539 247.541142566197 249.403068641256 261.185900652962 270.136061647354 269.011979541955 267.098439060468 265.153444564164 265.360996052793 263.877253357162 249.466430637262 249.095236139998 255.305245695703 257.40621873794 273.032831469794 290.047949583759 296.104613596081 290.255741127221 290.4159766674 300.319658537569 300.297395622931 299.206359216564 295.783704420691 291.474023292552 297.916488236244
354.965181596578 329.525413681613 319.291495646433 310.659526039999 298.703001082191 295.126143077756 289.9714557715 284.307744175706 283.436705203845 280.576478798598 272.139352797156 270.742599466777 263.247936854096 270.424442093501 272.291914662915 266.45251003133 261.26406878812 261.197081217714 257.194953167824 257.183034478501 258.577365642401 267.140687404677 269.746470121849 267.342532789213 265.627173155981 263.001947647488 255.848118342287 248.606274006619 257.020312973779 270.940741256397 274.964984508677 268.345542285771 264.444716248438 263.508000010193 266.576461191101 264.209330771505 250.417508952535 247.15782180191 252.94567412248 271.187949432166 290.126000508913 307.402373755023 315.502171672733 306.376860767789 294.849646409746 297.416385990342 301.11325037431 297.087308769483 295.479769520816 297.284824728449 308.296898500325
375.956297904762 354.59740855602 341.320178884144 329.746154874216 311.334747837128 303.964394880996 295.918111786526 287.98803741137 283.013394044233 272.417275100133 267.525229956634 267.054091840548 268.013192319826 268.802925578442 265.238386894342 264.349145765366 264.447789716077 263.692960419866 255.281609621909 255.076534337582 259.874158014314 267.496613028102 268.026296687347 263.895069374669 263.100673062004 261.504043517551 259.085016115771 260.965131896974 269.445553099342 267.151012932314 271.533805097434 272.91003373285 269.227714800038 265.486071808487 269.442754470765 272.784446313326 261.855007326158 252.478263019275 259.548470841834 282.166274797498 308.110214901993 320.313780581341 323.997278196803 312.405557754236 298.335074844664 296.74560209642 296.533782263188 296.100558357142 299.934240335154 304.942645624378 316.900917865427
395.479636044759 380.14952997779 363.788163761408 347.249580761615 328.421633128662 314.109101511588 302.931488334148 287.199955473292 279.799196062838 267.947853733603 274.204898466898 278.821658279014 275.422859800785 272.08167820905 272.741801028837 269.018908264092 270.685736509415 270.275293377364 261.392779569178 259.263959728148 270.361480565997 274.210681349196 269.983313659306 267.202565758273 273.764752358517 270.213819729373 269.007312865939 274.488948230575 270.679920082134 267.253925411992 266.353266000805 266.425569030334 265.663984476163 268.133144859213 268.18075722898 271.129813039122 259.828216644201 258.689433799277 266.231531893244 287.611352031733 310.581174240517 313.20750481532 313.818314619757 307.296891974425 304.372692096249 303.947415883201 299.755221302247 306.162285296316 313.353983047028 314.596039738218 310.607380522008
412.092701161861 403.564104683728 389.821850071598 366.780611450027 339.117377105658 321.43037052028 305.514526269374 282.690363259446 276.619660725003 274.051506893287 280.216217528579 288.122228746429 289.551419319404 282.849560072304 273.633820220232 275.673018459556 275.613610287735 273.951879707442 264.786157710292 263.709215464775 277.20238207143 278.639236167284 283.347011865441 273.647636892438 273.895424598091 279.364387101456 285.44396820066 283.950991579908 275.974213743277 269.738510415842 264.81404201143 261.89258452372 260.383662793651 261.498654393318 263.534436698736 278.820158078801 271.25298024574 267.538422814128 273.056019402485 294.205787814833 313.362064749508 312.574034110322 311.86354672529 311.035001485952 316.525169113024 308.720315281908 302.802994654237 313.014686057655 326.693273427417 320.10888000374 313.317170243188
400.367239162171 404.785262059714 404.179079350449 377.992603589772 348.982939748085 329.687149923079 304.650439955108 285.272937000815 280.212631237232 284.962098494425 283.826629936283 290.510450417306 290.514436665521 292.878271320405 284.182840032317 285.776174785462 285.190911150799 277.843222626581 266.997308494659 268.682143335352 274.297074032537 276.525996964714 280.081306176523 288.80138586593 280.665104365153 288.795445477562 297.563597865034 289.691551120039 282.413954884394 276.106697200732 273.869846175974 271.435904843691 264.961287317247 263.650774199817 269.99667932979 285.063312568804 276.466457529653 272.356112213411 273.884072588851 291.520616928598 305.479559665045 318.445464925467 317.809813890473 316.809680904939 314.975106216841 306.471194737214 311.395275922071 315.35903388248 312.575776058169 318.426504735822 310.934329668105
409.349212730735 417.961095549692 421.379255114265 386.027432010195 367.034692584091 343.638613421914 320.588328573756 297.522112981801 298.270774174201 298.670590011848 297.092167564558 299.094065444502 297.579984649303 301.331340732751 290.95555701028 289.25281924225 286.79052013156 278.750605995836 267.734409013729 270.146434270978 276.689168908406 286.604459652174 283.447746497325 289.60828572842 296.142858002303 293.649919158566 297.113630352612 296.747821752575 290.122127347818 289.257474407393 280.41103618238 277.706195327328 279.318380715047 270.506564312662 273.374600678724 279.572651472168 271.327880836704 268.797823810608 273.569665408451 289.973634290372 306.464256821026 322.851834847166 325.608828395768 319.364274451777 317.837334792361 315.733774349117 317.897774754326 306.666441795181 302.77569206724 310.029267673967 305.875256702126
393.236876875006 422.598777268295 440.690722166889 403.657785556772 379.644325536785 365.11196359432 333.036688702454 328.727590886731 308.692413102361 298.7587148943 298.151353505523 304.511109865082 298.993889358533 301.316011440557 295.154611087087 298.464544856857 286.060092726653 278.356847108307 269.179568896623 272.925418887262 287.405534916011 303.340303094961 298.355457865252 293.117191850719 302.044524722156 290.501780211599 289.6108213058 297.446839706702 290.608453998309 287.661496128917 284.391711830966 280.744211614092 287.195434522618 278.975051457963 273.685105757218 269.354424041084 270.78026791179 265.772001956424 279.712029269744 291.245089015233 311.674647259628 311.52260092691 318.945702209061 308.801019156675 309.213290407177 310.621069861528 305.614035210309 301.486480401954 299.244136809373 299.821456230195 299.266435785242
-9999 390.544635638432 430.50811077348 417.00784396258 392.339530931705 382.51730873521 355.330941208 357.555461217776 343.57236035149 313.129613553204 300.472613204045 310.045715131772 306.720487479877 307.952283687501 302.050806526558 300.422113301976 282.684491621152 275.081062456824 266.851255701407 271.765426829765 290.400187070898 306.796039146029 310.103668003703 310.600502060786 309.782821184205 301.028499171997 287.545117594783 290.503133905152 289.391196673282 289.992051522388 292.897789853506 294.134073576404 286.042678111324 282.306014122813 269.620086581428 270.490325962884 269.567432635808 267.044617944595 286.375229868078 296.018918493748 307.331337282733 299.707486455786 302.968218772359 306.765075500602 299.034641070288 299.547416690113 298.465964938573 298.016662786409 301.39210372674 298.602916089873 299.857274550152
-9999 366.900745395083 411.538211890721 406.73685670292 422.741897103123 409.075848168726 372.459145892505 372.099289172462 364.017660355485 333.753402357699 312.118490113171 320.812571626939 316.215831928372 321.424042709208 319.234767746263 301.761542897511 289.334428952611 289.987298009299 277.028397310907 274.540622239829 288.669807011879 304.825955886513 311.588119354185 321.952416948082 321.510339396061 307.957721695785 295.082459587529 295.860430797659 293.478270826553 289.706969224775 287.392968513929 289.252551424099 296.271415774361 290.888356836477 269.247917689722 274.508702971242 268.950465422775 267.415953923862 284.023767915604 287.088171161352 298.865825913912 305.43118226374 305.068209484891 296.653998392109 304.008931203534 308.93400547531 301.055333231541 297.414261403385 300.502686215031 298.019006585584 304.040290950903
-9999 395.960104211197 387.085476086041 403.156572638242 413.288363080849 411.985849470817 397.19736554308 386.050253929536 376.810110704444 358.521213833797 330.072380182883 326.471254497018 335.180199851231 337.009657693382 322.847600432808 304.491523898458 296.771390786065 294.577836237228 283.940160573629 277.945921462563 292.583321868834 305.119757097283 319.088012009144 322.067160009629 323.475102719737 325.556327233944 313.489054422159 297.446652509558 291.864009338566 289.334104490075 288.964385466224 295.719069141985 296.32822708125 282.187719220991 268.957265501399 272.27343471184 268.636386976836 266.647025943801 277.451986852006 277.319759858705 289.696060342802 311.887405952318 305.445270219062 297.002673835671 311.147598181992 317.523729288581 300.791389628543 299.381723880315 304.174340542316 297.476850468537 298.625551266922
-9999 -9999 395.036482455717 407.430264947668 418.98058511206 443.063599373598 437.227470833726 414.175792599687 395.934543071225 374.604781115797 335.202224783881 335.553216586422 349.962349684302 343.618562966277 334.157418739289 315.246098952907 301.373102075947 290.508174591287 285.817601358074 281.502765862973 291.678081209475 307.557689861975 325.035085473764 327.562835402239 331.462337625683 334.824004927543 312.007390800363 298.9136111204 298.380500432043 301.078853444578 301.69396961071 295.265081724976 283.924714293385 271.607643016695 264.147154568417 263.334947152441 264.357391877823 269.940477166442 275.813405513427 274.656494771777 288.83137317184 308.053853752267 311.676582323853 302.556452689253 308.309284646123 317.03700639913 306.023086931956 301.694366768393 306.358683767942 296.87604224004 302.526692876678
-9999 -9999 -9999 410.171478741222 419.855835337635 431.204986749464 443.656058663811 430.419960599376 408.530661549539 382.621722170415 345.601413116819 335.748779826858 346.480292940348 351.190362746848 336.445992754211 315.840880215382 298.34998727004 291.707044418248 296.443719993455 289.071977556502 291.060637511877 307.790243081609 319.089765603056 328.294682449671 330.405802014084 322.507569521855 309.025190970245 300.220730789529 302.252189863813 303.681928338401 308.505481349787 291.703515644611 280.558325905399 268.737942328627 268.182603514906 272.985912743166 271.194020654999 278.808168787381 272.805700671601 277.578190214661 290.631129044648 309.1564082564 319.013495522012 312.521402650113 310.264109713994 320.749802996626 312.127980200589 304.278080621141 299.726354139507 296.9354654681 303.140624870953
