Climate_data/Aus_bio20_Equal_10km.asc
NCOLS 560 
NROWS 490 
XLLCORNER -2904860 
YLLCORNER -5334205 
CELLSIZE 10000 
NODATA_value -9999 
[rows 220 to 241 of 490, columns 204 to 254 of 560]
21.6363133152479 21.6314546368815 21.6269035002008 21.6227248637956 21.6188929468161 21.6153856105467 21.6122091446685 21.6093860102629 21.6069135424191 21.6048487272523 21.6031927059695 21.6019090237676 21.6010103751999 21.6005089213467 21.60044384173 21.6008679746076 21.6018529322486 21.6033582569785 21.6054100806962 21.6080537880353 21.6113450170501 21.6153560426498 21.6202743264248 21.6260753341013 21.6328701741968 21.6407301771218 21.6496154035006 21.6596758915377 21.6710272324488 21.6835618083279 21.6970010947345 21.7109944243987 21.7251281482043 21.7381482438762 21.7483697315687 21.7566379568993 21.7638028001984 21.7702197968899 21.7760447143507 21.7814153905835 21.78644108504 21.7912507191863 21.7958002374598 21.800098868129 21.8041881330849 21.8080765489344 21.8118001574491 21.8154659073932 21.8189840950122 21.822341920692 21.8255912966367
21.6168488202512 21.6119036502466 21.6072425647493 21.6029311221154 21.5989326922251 21.5952296891513 21.5918181531245 21.5887250923049 21.5859316219619 21.5835142384504 21.581509580752 21.5798488511093 21.5785526498236 21.5776391278045 21.5771201340145 21.5770316251193 21.5774675625273 21.5783689578339 21.5797517956301 21.5816403200328 21.5841001135029 21.5872150184246 21.5911367302157 21.5958900188695 21.6015379756543 21.6082250794779 21.6161793125 21.6254559413133 21.6361874637268 21.6483032894001 21.6615334086857 21.6754868683246 21.6894627818514 21.7023010037742 21.7128276178032 21.7215064422307 21.7290120765598 21.7357083326476 21.7417624710088 21.7472930474612 21.752457630395 21.7573927648944 21.7620486018958 21.7664776736371 21.7707095652257 21.7747783760341 21.7787123551199 21.7826311144015 21.7864283462683 21.7901389069965 21.7938269335538
21.5976497304718 21.5925295444777 21.5876694017451 21.5831370096064 21.5789186466985 21.5749721792482 21.571311456086 21.5679470943276 21.5648786148386 21.5621789717845 21.5598476277614 21.5578306111926 21.5561443889131 21.5547895808489 21.5537802758478 21.5531576897154 21.5529859065864 21.5532221427549 21.5538983527447 21.5550504480685 21.556720249597 21.5589893767049 21.5620147100319 21.5658138703874 21.5704957544469 21.5762021378944 21.5830898570413 21.591307150301 21.6010743064297 21.6123758010569 21.6249415544268 21.6383453852754 21.6518409644256 21.664418758029 21.6754022736189 21.6847965082995 21.692951118424 21.7001541494126 21.706627467714 21.7124731546598 21.7178377166735 21.7229377070909 21.7277505479926 21.7323295878351 21.7367365443704 21.7409972984087 21.7451784191163 21.7494462952342 21.753763280072 21.7581010344188 21.7625189348651
21.5782663339987 21.5730399053299 21.5680716438296 21.5634025434744 21.5590183706743 21.5548865130264 21.5510157205814 21.5473994263483 21.5440575665351 21.5410312463065 21.538343344211 21.5359415296148 21.533851465887 21.5320619781669 21.5305850433793 21.5294679658347 21.5287656746681 21.5284231507806 21.5284510905762 21.5288797183008 21.5297599779824 21.531145136298 21.5332031110416 21.5359616074529 21.5395021668533 21.5440043737068 21.549643545774 21.5566129308638 21.5651921210393 21.5753855333291 21.5870775192885 21.5996807320992 21.6126689902774 21.6250773628018 21.6363715505782 21.6464802138621 21.6553577426366 21.6631917409198 21.6701748249909 21.676448797614 21.6822513124873 21.6877681885686 21.6929734596781 21.6979482824703 21.7027439735619 21.7074270788502 21.7120653331451 21.7168135058247 21.7216252634211 21.7265321961752 21.7316247637515
21.5591677321455 21.5537906699205 21.5486301565774 21.5437621688867 21.5391619888873 21.5347936265536 21.5306742374088 21.5267961065704 21.5231764456422 21.5198576935095 21.5168597941861 21.5141291629135 21.5116762617487 21.5094925813906 21.5075950134791 21.5059968834637 21.5047673523452 21.5038320147111 21.5032115264604 21.5029220898531 21.5029786590012 21.5034679543864 21.5045001822968 21.5061253885771 21.5083872524929 21.5115042945225 21.5156058452712 21.5210277126897 21.5281250765155 21.5371239262041 21.5479008994723 21.560023229097 21.5727758516228 21.5853355856705 21.5971696405502 21.6080146160546 21.6177167788254 21.6263380780385 21.633967346296 21.6407735319864 21.6469868846912 21.6528771928957 21.658443559684 21.6637715370821 21.668940657412 21.6740129820947 21.6790894426816 21.6843048165511 21.6896492987019 21.6951693355039 21.700953662755
21.5399433625471 21.5344827415913 21.5292088450692 21.5242146786672 21.5194336689788 21.514896546817 21.5105648697417 21.5064689922767 21.5025894668274 21.4989965734428 21.4956964848881 21.4926365245561 21.4898148009859 21.4872369822397 21.4848942997882 21.482819679245 21.4810801844112 21.4795823019446 21.478349301074 21.477384923413 21.4766961104114 21.4763394898565 21.4764471394768 21.4770067452142 21.4781349353637 21.4799566646925 21.4826830177381 21.4866332562486 21.492284233799 21.5000483911377 21.5099792157547 21.5216312670775 21.5341704648415 21.5467565238394 21.5588495197554 21.5701459570744 21.5804120221896 21.5896282235608 21.5977648545269 21.605003495481 21.6116282584468 21.6179210058158 21.6238827287006 21.6296086958053 21.6351868315989 21.6406873412276 21.6462121768919 21.6519392866744 21.6578369576034 21.6639784502064 21.6704606815718
21.5210714642588 21.515452521964 21.5100106563457 21.5048196964296 21.4998605611974 21.4951018641747 21.490541323647 21.4861941257674 21.4820596779198 21.4781867776498 21.4745946791702 21.4712190724912 21.4680784571045 21.4651491230871 21.4624430236304 21.4599581199092 21.4577668782725 21.4557907181037 21.4540112241085 21.4524335127721 21.4510722360443 21.4499573686179 21.4491994500758 21.4487972252703 21.4488218875917 21.4494015131943 21.4507394744984 21.4531520073796 21.4572342266427 21.4636597078953 21.4728054989542 21.4841329503575 21.4965377581802 21.5091010935464 21.521317394237 21.5328575581121 21.5434804784762 21.5531140936642 21.5616749621948 21.5693184237487 21.5763638583662 21.5830611866381 21.589431226487 21.5955635905515 21.6015697700457 21.6075126972929 21.6135146378729 21.6197440123982 21.6261979805328 21.6329523051169 21.6401189431179
21.502158945056 21.4964299165106 21.4908641646126 21.4855419916028 21.4804374727402 21.4754936609016 21.4707393719909 21.4661760257365 21.4618101568127 21.4576982605094 21.4538350691499 21.4501795978336 21.4467363003625 21.4434772329545 21.4404259946679 21.437564178059 21.4349707154438 21.4325562543868 21.4302779066422 21.4281637796905 21.4261997355602 21.4243996783752 21.4228805756517 21.4216055911026 21.4206350188485 21.4200847843583 21.4201183036296 21.4210418911452 21.4234412200167 21.4282135122809 21.4364427625204 21.4475157430993 21.4596423474102 21.472098584521 21.4842444805873 21.4959048751742 21.5067128015146 21.5166216129216 21.5255924923245 21.5336831700677 21.5411799730747 21.5483496524058 21.5551957537511 21.5617604104387 21.5681802202445 21.5745691807796 21.5810268059079 21.5877501225828 21.5947443804839 21.6020827451319 21.6098756635461
21.483581669333 21.4777243278287 21.472016055388 21.4665180094324 21.4612182457228 21.4560880241014 21.4511300673469 21.4463517657098 21.4417668833806 21.43740197891 21.4332971965981 21.4293852057452 21.425658996659 21.422118869304 21.4187551798199 21.4155819028707 21.412635165349 21.4098386731408 21.4071669818177 21.4046052445004 21.4021475657502 21.3998003793362 21.3976618191987 21.3956958683356 21.3939401018352 21.3925216854197 21.3915802842991 21.3914100665407 21.3925183114433 21.3958778645772 21.4033052031787 21.413705210698 21.4252540861581 21.4371110692443 21.4488346605423 21.4601616760998 21.4708138565549 21.4806910260877 21.489768344966 21.4981242016241 21.5059178287319 21.5133837617928 21.5205607336567 21.5275615737912 21.5344913241075 21.5413899111489 21.5484090173195 21.5557190759782 21.5633650880128 21.5713607286734 21.5797465956775
21.4650717411784 21.4591098395912 21.4532372749989 21.4475972497687 21.4421452158734 21.4368491551134 21.431715530776 21.4267175472419 21.421926047047 21.4173576111448 21.4130168817511 21.4088603585806 21.4049003355791 21.4010947250606 21.3974884206982 21.3940285737035 21.3908012593204 21.3876905910748 21.3847038469509 21.3817842102665 21.3789482344145 21.3761926966104 21.3735939563769 21.3711245470246 21.368824577711 21.3668104340019 21.3652574619978 21.3644733557207 21.3650399875583 21.3679316643355 21.3742840022726 21.383399021277 21.3938588753838 21.4048033880401 21.4157791370373 21.4265298672802 21.4367973889096 21.4464602402318 21.4555005560083 21.4639602864671 21.4719563120567 21.4796869013604 21.4871570754182 21.4944369868672 21.5016307657618 21.508819047595 21.5161119749131 21.5237020700935 21.5316110258171 21.5399579773882 21.5490167294119
21.4468581259883 21.440768201836 21.43480281957 21.4290111851097 21.4233927246075 21.4179228677913 21.4126080099955 21.4074457360837 21.402456778624 21.3976796287823 21.393137317581 21.3887818047611 21.3846083768073 21.3806052356751 21.3767718728724 21.3731075518271 21.3696508381707 21.366329515748 21.3631018388475 21.3599424868923 21.3568357685782 21.3537907393076 21.3508683714473 21.3480543040421 21.3453862130139 21.3429962788385 21.3410959789046 21.340010320904 21.3403376121554 21.3428740478923 21.3481334639572 21.3557987612984 21.3648397187654 21.3745495965746 21.384507872382 21.3944586217864 21.4041269759698 21.4134050811512 21.4222593103861 21.4306834889947 21.4387662481679 21.4466775848962 21.4543759300988 21.4619399424975 21.4694415246023 21.4769698660967 21.4846138493991 21.4925696909525 21.5008685807641 21.5095706196474 21.5187937959688
21.4288069305847 21.4225977836604 21.4164958029977 21.4105325938343 21.4047639651428 21.3991044448384 21.3936036162639 21.3882666254643 21.3830744378233 21.3781060811401 21.3733661018996 21.3688152209504 21.3644686556933 21.360303109858 21.3563058349844 21.3524830060109 21.3488735732097 21.345394843189 21.3420179528279 21.3387143588298 21.3354681121004 21.3322797317561 21.3292097411162 21.3262407136142 21.3234225327956 21.3208936547343 21.3188563488537 21.3176356325761 21.3177193114284 21.3196360045716 21.323638798085 21.3296082210841 21.3371146636944 21.3455022248185 21.3543836779736 21.3635124737794 21.3726045035113 21.381531565022 21.3900904442692 21.3983699383033 21.4064473894389 21.414446162671 21.4223116859692 21.4300896394688 21.4378424177429 21.4456478996249 21.4535877312659 21.4618590570719 21.4704720750467 21.4795004165737 21.4890619643551
21.4110425113105 21.4047205308492 21.3984980519963 21.3924205980785 21.386504718292 21.3807134586818 21.3750652695839 21.3695696613866 21.364238780203 21.3591036961209 21.354211367652 21.349504481663 21.3449769776372 21.3406381868023 21.3364856925621 21.3325149533036 21.3287734116356 21.3251798559299 21.3216987915069 21.3183131487469 21.3149865079997 21.3117334357605 21.3086077367409 21.3056068730568 21.3027741415623 21.3002340081734 21.2981966646881 21.2969418510846 21.2968568325151 21.2982885530117 21.3013700321893 21.306014896514 21.3119098615135 21.3186959501938 21.3260997246914 21.3339211323962 21.3419382518194 21.3500418220182 21.3582923589906 21.366539747944 21.3747411411117 21.3830058408105 21.3910371179611 21.3989704761874 21.4069078387816 21.4149372888155 21.4231175375857 21.4316306874382 21.4405072040583 21.4497720401849 21.4595768026805
21.3935235029939 21.3870642090791 21.3806772943433 21.3744329087298 21.3683341102501 21.3623682962359 21.3565378708992 21.3508499211264 21.3453430072707 21.3400553924979 21.3350263413416 21.330191122337 21.3255588070053 21.3211375585182 21.3169082646051 21.3128882464694 21.309111558263 21.3054995501434 21.3020319165704 21.2986726449639 21.2954090474136 21.2922277387276 21.2891722623879 21.2862133745536 21.2834111037558 21.2808879984408 21.278844853976 21.277531358527 21.2772291039078 21.2781646409297 21.2803488005569 21.2837618604421 21.2882420828617 21.2935773220134 21.2996162361723 21.3062546965396 21.3133066776562 21.3206607737961 21.3282312263676 21.3359460010421 21.3437543245051 21.3517249379527 21.3599039168266 21.3682309379551 21.3766252745134 21.384902596688 21.3932613867426 21.40195513571 21.411003642122 21.4204551834067 21.4304258625941
21.3762196281821 21.3696565620133 21.3631723488462 21.3568175936295 21.350613386329 21.344532638864 21.3385850565909 21.3327805034111 21.3271279676617 21.3216634638362 21.3164513742811 21.3114456300897 21.3066607832224 21.3020995207177 21.2977781642315 21.2936714228784 21.2898464548247 21.2862254360681 21.2827884181358 21.2794986271332 21.2763306300025 21.2732704652489 21.2703712867526 21.2675706702262 21.2649146100631 21.2625044242433 21.2605072879964 21.2591216462886 21.2585176449318 21.2588659525594 21.2601834727066 21.2624660188494 21.2656468758627 21.2696440698043 21.2743284092575 21.2797610860936 21.2858188485534 21.2924042442004 21.299429944463 21.3067892547971 21.3143846180614 21.3222303892831 21.3302052668249 21.3382537676163 21.3464174149113 21.3549549575241 21.3638390732911 21.3728911373601 21.382062554638 21.391632495618 21.4016841296303
21.3592669632016 21.3525284881611 21.3458705184483 21.3393390619728 21.33294312601 21.3266634339223 21.320529256572 21.3145642068004 21.3087902423181 21.303227677338 21.2979299665735 21.2928517914763 21.2880153430962 21.2834251374717 21.2790811205353 21.2749961866255 21.2712036260292 21.2676240971998 21.264217178397 21.2609860431317 21.2579115120892 21.2549800732033 21.2522308681561 21.2495974700112 21.2470846650993 21.2447835570354 21.2428463822411 21.2414274279289 21.240633095622 21.2405068750341 21.240983075935 21.2420773393514 21.243828960403 21.2463429587179 21.249750398777 21.2541028026242 21.2593275392182 21.2652060118222 21.271694003318 21.2786873412101 21.2860491844566 21.2937565293375 21.3016539073727 21.3096951447183 21.3178552605595 21.3261736480376 21.3346877768064 21.3437759890044 21.3535275826996 21.363369928022 21.373447498929
21.342417460669 21.3356041476423 21.3288603284369 21.3222308944609 21.3157507715918 21.3093942753743 21.303165967606 21.2970667794818 21.2910909203567 21.2853430407945 21.2798582799139 21.2746116942293 21.2696322455375 21.264933951569 21.2605339438035 21.2564563187858 21.2526934108522 21.2491905787507 21.2459013843179 21.2428131456519 21.2399198319277 21.2371979576312 21.2346822235414 21.2322576463857 21.2298452210539 21.2275833382886 21.2256531312085 21.2241943211978 21.2232500086615 21.2227351273234 21.2225050850287 21.2225736313496 21.2231217848157 21.2243069537786 21.2263033503682 21.2293072580047 21.233332207009 21.2385467085737 21.2447447642951 21.2516231446773 21.2587766580136 21.2663142281612 21.2740995769031 21.2820776135026 21.2902190582041 21.298529070134 21.307056367105 21.3159237685341 21.3251414656787 21.3351055462437 21.3457615355495
21.3260359248293 21.3190182717033 21.3120778075509 21.3052586201509 21.2985649455042 21.2920078861894 21.2855920933215 21.2793906752019 21.2733635394848 21.2675518601619 21.2620104010797 21.2567200999326 21.2517070911786 21.2470007246261 21.2425900231033 21.2384580863732 21.2346755706165 21.2311789698016 21.2279313147737 21.2249182945938 21.2221393086332 21.2195752880596 21.2172428582723 21.2150319184985 21.2127580826544 21.210565627461 21.2086843155321 21.207199188304 21.2061238300403 21.2053167532255 21.2044547203127 21.2035501388152 21.2029599918804 21.2029661722049 21.2037968841675 21.2057010330196 21.2088170669675 21.2132123230896 21.2186881295259 21.2249991921369 21.2321425840543 21.2398404373741 21.2475879257005 21.2554562753833 21.2635200885976 21.2717834600968 21.2802720656787 21.2891124865082 21.2983014376842 21.3078423154893 21.3179248603748
21.3096237598055 21.3025371869456 21.2955256043222 21.2886300906814 21.2818894620019 21.275271804172 21.2687745430038 21.2623791755721 21.2561509232504 21.2501346715431 21.2444050520747 21.2389430639594 21.2338092232658 21.2290464351353 21.224643421015 21.2205820352062 21.2168915587629 21.2134865533159 21.2103323422454 21.2074059172172 21.2046793998429 21.2021732737999 21.1999022399019 21.1977544581833 21.1955614437671 21.1934409860628 21.1915962562334 21.1901050484141 21.1889574938987 21.1879799058559 21.1866137467747 21.1848273694903 21.1832205394308 21.182185972927 21.1820039218178 21.1829202035203 21.1852218891452 21.1890879706894 21.1942089636039 21.2001751034098 21.2067428519493 21.2138544831926 21.2216085653795 21.2297474137492 21.2377975515583 21.2459717030013 21.2543824623823 21.2631573041248 21.2722838815375 21.2817788925005 21.2916604341817
21.2937833451418 21.2864738436397 21.2792420763611 21.2721258934277 21.2651670684357 21.2583369823626 21.2517079585621 21.2452767296178 21.2390247685743 21.2329869400996 21.2272293583038 21.2217263829144 21.2165238545949 21.2116330148935 21.2071432204221 21.2030318426319 21.1993048003665 21.1959023031514 21.1927886235828 21.1899074999386 21.1872513997832 21.184797678014 21.1825604323338 21.1804317523698 21.1782761518854 21.1761826191018 21.1743083119182 21.1727300693379 21.1714290948607 21.170214305188 21.1684177439757 21.1660206598801 21.1637486907947 21.161969856279 21.1609645118441 21.1610661250817 21.1626822153615 21.1661505537055 21.1709248101916 21.1765644998831 21.1828259460955 21.1896587760714 21.1968659579959 21.2044214371573 21.2126269411327 21.2210788197097 21.2294116908028 21.238093108568 21.2471355655971 21.2565774211814 21.2663872268186
21.2777373295291 21.2703777349516 21.2630945173848 21.2559378553655 21.2489527593658 21.2421018456107 21.2353448495848 21.2287128018978 21.2222676173111 21.2160347459812 21.2100829800149 21.2044474097214 21.1991736714721 21.1943012886223 21.1898708623617 21.1858249178215 21.1821500877309 21.1787430381173 21.1755577169483 21.1726158677851 21.1698969530438 21.1673891760664 21.165102073574 21.1629232768965 21.1607871573827 21.1587277286627 21.1567964157816 21.1550652498016 21.1534481948408 21.1517789892513 21.1496072409258 21.1469977008761 21.1444117677926 21.1422375049681 21.140788582622 21.1403740648567 21.1413854992102 21.1443893227772 21.1488762670825 21.1541197927481 21.1600212464717 21.1665415589039 21.1734918625853 21.1807953657738 21.1884034325815 21.1964619068189 21.2052375601387 21.213950736495 21.2229172939415 21.2322831051906 21.2420191568952
21.2623835333423 21.2547782921088 21.247247551987 21.239856136163 21.2326461062672 21.2255768886484 21.2187687405154 21.2121561919713 21.2057294440706 21.1995127202184 21.1935863723769 21.1878667524865 21.1824008931592 21.1773502336408 21.1728196248434 21.1687109952407 21.1650143815742 21.1616044248404 21.158438616417 21.1554910311258 21.1527445799751 21.1501373899352 21.1477083675599 21.1453967387204 21.1431694622776 21.1410425368268 21.1390007577619 21.1370528593417 21.1351410510228 21.1331310846665 21.1307373385607 21.1279839110484 21.1252580815177 21.122957219735 21.1213440552318 21.1207830025482 21.1215541678567 21.1238632028616 21.1275513240882 21.1325198260058 21.1382519234022 21.1444314851767 21.1511033162674 21.1581730737146 21.1655861291223 21.1733228968536 21.1814165493212 21.1904415792824 21.1996395424341 21.2089195804703 21.2185722218941
