Climate_data/Aus_bio15_Equal_10km.asc
NCOLS 560 
NROWS 490 
XLLCORNER -2904860 
YLLCORNER -5334205 
CELLSIZE 10000 
NODATA_value -9999 
[rows 286 to 307 of 490, columns 153 to 203 of 560]
36.5845333484715 37.2721678299031 37.0409494216015 36.6100376141536 37.3788624197076 38.1986927451595 39.2209590375518 38.6590408927062 37.7318143899694 38.6147789746754 40.47076926124 42.4216981006467 43.6330088708387 45.564474882193 46.7115290890678 48.0776412161162 47.91590135272 49.4062644007311 49.5452004746012 49.0334172716478 48.9581464720225 48.6386657764418 48.3869996957315 49.6461884217644 50.3216608332021 50.3519530668796 49.8433740501745 49.1400641531064 49.5703370843643 49.905094637171 49.5314652117193 48.4955030592664 47.8207171854457 46.0879522281573 45.1440076466091 45.5540281166531 46.1271421424798 46.5481790838777 47.2586057468545 46.3914604625993 45.7586926176249 45.8145166625029 45.7892460329092 45.604378835281 45.3649239689041 45.2069879274939 45.2054263740625 45.2751870160553 45.7572513778833 46.526726686792 46.9379061789176
35.7751124795346 36.7107979669428 36.6954236447418 36.4798391873313 37.2975938453012 37.8927319020909 38.3668920286647 38.2707975298664 37.3453285977238 38.1168495184531 39.4961119570634 40.6827346875012 42.1768806218699 44.4105796552091 45.4398880750929 47.1573133454417 47.8441830629264 48.5487938196748 48.5700758195357 47.985489760477 48.6114947181789 48.9702452799165 49.0427080488392 49.2604153484158 50.3837216758689 50.7962143574244 50.7151771022327 49.5888623346641 48.7877465258637 48.8340672251685 48.8705316039591 48.5118806555463 48.372827967577 46.5780983521234 45.1327429538704 44.9998380772837 45.3871082337692 46.0890599304948 45.9504480861057 45.2578764626712 44.8010092250056 44.8681363105489 45.1510494734948 44.7861389982178 44.4990645060063 44.5307219117083 44.4886264560449 44.9500949818093 45.4505906073528 46.2369278588679 46.3702274623347
34.9486515926809 36.1157180463438 36.3919395225497 35.8949529764893 36.4383060489528 36.9614862533039 37.2417796858623 38.2629834163161 37.643759625341 37.7451994426621 39.0460293464083 40.153349499266 41.4440631936941 42.8236745178708 44.3087564572376 46.0893448246366 46.6307746604788 47.0849036561535 47.1575469386218 47.2030572255069 47.6007376746046 48.444656635381 49.8258509581589 49.9351438388669 50.2714170278108 50.111388533672 50.6838219897951 50.4407962117537 49.5415919247377 49.0849864302297 47.8795932897996 46.7391788311241 47.5398678639388 47.3119708436613 46.0882757416369 44.8978907511838 44.8152909496183 45.7955980620873 45.0422297144951 44.609028202139 44.3498269481031 44.6221293692518 44.3217550370899 44.1493647806827 43.8639139639364 43.8643337734672 44.2657064258139 44.4833044830717 45.0570568951092 45.5106995956062 45.6138253879041
34.4053740827662 35.0233699851663 35.8849733097002 35.8935563685496 35.7448885389028 36.6759603424633 36.5973941044786 38.0235470852165 38.2774413586812 38.3367619462574 38.9184853366424 39.3110379424753 39.521916748008 41.1627771822811 43.4399533533396 44.5769803231694 45.2809607698564 45.3011476337325 45.3816978222089 46.4440764764546 48.3851255753775 49.6742134784905 50.1284256813879 49.3412111526997 49.2557313566892 49.509614015172 49.6687732613006 49.7377016872274 50.0721916556914 49.492659675257 48.4017759684631 46.6540496629057 46.2407279375758 46.054661137466 46.2671534916748 44.6528595616477 45.267144931067 44.6536312818647 44.1727099323207 43.7398574073946 43.8633694421424 43.9683226260649 43.8506777495398 43.4799223450738 43.1846827514351 43.4031361096523 43.860620562355 44.2218615878 44.3725445255539 44.7275463143683 44.6672214300524
34.1448512363224 35.0014425341313 35.519641865995 35.7121140809978 35.1254502351425 36.285878760024 36.391173091485 37.4479352478662 38.1307388040533 37.7941859988401 38.3525698240096 38.7667688863775 39.5794179499032 40.3351426397627 42.3470033420271 43.1748731839432 43.7689364212791 43.6535546638837 44.5199300289186 46.6299601698493 48.3509599999664 50.1884354944495 49.5927958718852 48.5377010969986 48.5019263563175 49.460878261155 49.5758231618032 50.2498843273902 49.7191332706432 49.296887903256 48.538763930333 47.5125478651873 45.6564702356568 44.6469435781985 45.1709488304929 44.9539832101413 44.3468259439273 43.3388404796998 43.5672610249286 42.6554115212605 43.2579015131426 43.4690276080687 43.3727778426665 42.9582391767074 42.5915890531449 42.7997980498056 43.388375940222 43.6139007938857 43.6776591649919 43.6401943438823 43.64734999972
34.5923991470927 34.7098945712615 34.9059914775087 35.1863037546441 35.0682049473184 35.8233677755453 36.431081824271 37.3126753055796 37.0984375893806 36.702581572348 37.5348249653648 38.1125256194292 38.9855893541321 39.4539915774271 40.9384355469284 41.7654530191011 42.172340953795 42.4209561608199 43.744523217335 44.9514048328412 47.4395309728244 49.736070362385 49.0198532135509 48.1780209589282 48.9382222561175 48.5322328454387 49.0259508276322 49.6107259919632 48.7589710509252 48.1576723604942 47.526217467336 46.8003531087434 46.5916791956019 45.0658056655536 44.8830603992119 44.6254449452907 43.1726454524987 42.3018585776922 42.6657352699689 42.0483199592978 42.9055107634377 42.9766087518194 42.6639838998045 42.2436389483444 42.0691837313097 42.3726573804512 42.8671760950098 42.8782668703904 42.4491671120532 42.3350679563877 42.396632450256
34.1474502415559 34.2252402910594 34.3761331955537 34.4795113011927 34.9772318459723 35.4793189985989 36.1899792111149 36.4038638633776 36.7029135938349 36.2852135500347 36.3257575784625 37.0544816382385 37.7060606918507 37.8940064023421 39.1911738075264 40.210579614712 40.2024312637587 41.7396392353411 42.7350929787823 43.598606668043 45.6798784124313 47.149948912349 47.6301352974061 47.708442711641 47.9322172384769 47.5156128862233 48.4065060942011 47.8521607600119 47.0482377973479 45.925329629307 45.5221763807567 45.3020962402368 45.2277597433672 44.9662442379786 44.0641205422308 43.545641425403 41.7111128988585 41.1238843660167 41.5234484228344 41.7297334183196 42.3362050584731 42.2109837549504 42.1566205134246 41.7844203644444 41.8332886007117 41.9549018121225 42.2258680577553 41.7842993985109 41.1633163776998 40.9748834480665 41.1479293875381
33.8485861777195 33.7228338654314 33.7718473567845 33.8549813314685 34.5362582021008 34.5833341677696 35.1511465807652 35.8694274919819 35.6321570554373 35.8693820264855 35.26235407398 36.1997669248994 36.7601998987295 37.102242180674 37.4485800753907 38.1891826828574 38.5848813853605 39.7084082853078 41.2590028900881 42.1042994626003 43.6188099134784 44.1330780364617 46.3064099043743 47.4025966363387 48.0301783683774 48.6801337798387 48.3390452669209 47.2468070251455 46.5785433046855 44.4749411814227 44.2345206318296 44.029915752522 43.4952450637488 43.3095226996795 43.6633792515255 43.1164713439744 40.5693726214545 40.6311764727485 40.8840415492149 41.6178122676693 41.599465272893 41.9400705848309 41.6836060784156 41.6511817864821 41.6461585925605 41.7482267788764 41.6183137999737 40.7756708597439 40.0024705287257 39.7783872828397 39.8944870792679
33.9220128179717 33.3228693375613 33.5957799024449 33.6027712691775 33.7588796341611 34.1131378889636 34.2368061797986 35.4333890030915 34.617349701425 35.1878592622042 34.5829859604739 35.1958048287252 36.1363185658005 36.3575958452006 36.87946102994 37.461678320248 37.9688905658198 38.6212687490706 39.2858083873968 39.8832721737116 41.0016493550804 41.9577032492897 44.2465159231073 46.0553061160719 47.5412789684755 48.5911768089263 48.5812482729757 47.7302467614447 46.780332005318 45.4874065100726 44.5468854962318 43.4409281716961 43.2208839942957 42.3631003023331 42.5794996260093 42.2233203520925 39.9479855355218 40.0570822541294 40.2889955089902 40.8259750510608 41.2537386889923 41.2923271696312 41.0127024135463 41.3050755297123 41.6126119371357 41.7792501954898 40.9129131763112 39.8385139435004 38.9001323939464 38.4997787697317 38.476563987909
33.8987471353183 33.706042368817 33.5603217038659 33.4738072606136 33.8942658590926 33.5466171409486 33.5264034957459 34.6289220621245 34.1621233315507 34.4445409016091 34.0522487847999 34.2862040247719 35.0223540193996 34.9914954275516 36.0902258369979 36.857283538329 37.2198963385399 37.4937243467471 37.3529263614493 37.0579998151194 37.9378224759866 39.4844364023664 41.4566113423165 43.7277855227627 45.5788404348539 46.7029037025377 46.8966732687655 46.2990141004353 45.639319518066 45.4005078639812 44.5376812159122 43.5804778350109 43.0477944243409 41.6622866675237 40.4405537416921 41.3221512808284 40.7337720679435 40.3472318897026 39.6429470173829 40.2001702212035 40.2317159869943 40.3750886471415 40.4660916867463 41.3664286561447 42.0074776676693 41.7183407118633 40.4099133011835 38.9124935571292 37.8374701095754 37.0436012412751 36.8998616523279
34.4486840489208 34.1087911504958 33.6297922196629 33.7616059477905 33.5241027361978 33.7066312031376 33.1829376401714 33.5318184131654 33.359363337405 33.6179729991617 33.3320645892475 33.3925611845437 34.6550158080538 34.4010309267225 35.0537193308866 35.8193527943465 36.3437876989427 36.2455333257054 35.1830694726078 34.8473566141423 35.5121449374843 36.1135288513343 39.1169188940584 42.0537031447904 43.3749540838483 44.2711400924466 44.3118886350945 43.5310396935503 43.4379299539 43.328522370309 43.0747150217771 41.6896374344127 40.8927484105455 39.7907588778488 38.9303263378571 39.4631044464673 38.372382745442 38.7155815354478 39.5732572700217 39.6152052363053 39.3599342408038 39.6417351169778 40.1727963494366 41.6880301728236 42.3736737117776 41.6825319287716 39.9456115735057 38.2486672215363 36.9532171372364 35.8159554435665 35.2069129680501
34.8151848822474 34.4855521934161 33.6802910644573 33.9478691822042 33.6974685899764 33.8244250980101 33.1031185829854 32.6350579908601 32.8351686571609 32.7665534923849 32.9660010875881 33.0058177987876 34.1892281948567 34.8638293682848 35.3452602999371 35.7206797087123 35.9809706658027 35.2614638501844 33.8181937772869 33.8608948946175 33.9455990449696 34.9515482736121 37.8351295280446 40.3156343112275 40.7737207730326 41.7482712671103 42.0029958253453 41.044356010032 40.9500840556241 40.356833007374 40.8275296246635 40.9100721669803 40.052736507442 38.6351420167165 37.7686012891264 37.6919799393806 37.3171658830748 37.7237136597378 38.427341729957 38.6234863546267 39.0429864039956 39.1208250911477 40.1518321051845 41.4879416440866 42.7277207502027 41.7918176599281 39.6712637668319 37.6576675503719 36.1131405157812 34.7556320454576 33.7334700143473
35.0960355250061 34.2942534005763 33.777961772417 33.7911725236103 33.8120304983438 33.709042183434 32.9095044001361 32.6054338852851 32.8941304485602 32.2972632346016 32.3269836683145 32.0694894799412 33.2653783287374 34.1733781829251 34.6202942087044 35.2155039560267 35.4571331965557 34.4331153974164 33.581703348413 33.26254193544 34.0442350695893 34.5833514246387 36.1318419238907 38.1794661759985 39.4325712715782 39.1869815142495 39.7474357326285 40.1059992445902 39.629488273111 39.5224681641655 39.5414061639972 40.5386449514751 40.4862393486629 38.9491928419737 37.2650964498653 37.505939910436 37.1733846106847 37.326427033973 37.6411422962386 37.7965594612009 38.4546785767849 39.0220485393463 39.8146586786373 41.1555855485655 42.1850792735806 41.2398869777496 39.3081999589756 36.7368631223507 35.2760081249212 33.9683345856572 33.0734138133733
34.9323183650836 34.5164431527473 34.3387409510217 34.2694640539179 33.826007035939 33.5373598708928 32.8072068093529 32.5150221075068 32.1974601489748 31.8354093818488 31.514501670778 31.5679053457058 32.2963306873726 33.3238577205603 33.8493132700027 34.8582473457657 34.9218167759536 34.440790306425 33.1244062416169 32.305659109532 33.3917668659222 34.2368849698471 34.6448756100384 36.3560113599817 38.0811567324544 37.4631509646182 38.4695006862073 39.2855814037138 38.7622302887403 39.3900230696329 38.7366515294671 39.569946026497 39.8739914112752 38.8664788159553 37.6198641125756 36.8116394112997 37.342545862175 36.9040615872361 37.1414541439501 37.6151210517544 38.1873071487851 38.4396980505063 39.0845910929292 39.8450340444093 40.2876422282196 39.7874810614203 38.252063682054 36.0940786565037 34.5378868209391 33.5412139262474 33.0024801042226
35.0436295134017 34.6265052986112 34.849453181815 34.1593182681478 33.9350041219454 33.2027200058112 32.6498539775806 32.2170192394099 31.482758992142 31.0053675502036 31.1206295040894 31.2495930467263 31.5251724602949 31.9623835210458 32.5800820710043 33.2853050562454 33.9600813221153 33.4731552194655 31.6911227487921 31.7606746285376 33.2405552328141 34.7337425255878 34.6751605541972 35.6172195728344 36.5004005326727 36.7944869329253 37.7744649917984 38.2738466495471 38.5013457802137 38.6582495704524 38.4354088932039 38.749016711855 38.8174955557993 38.7684387736537 38.3287803891682 37.6384874561731 37.6444120048145 37.4488389549216 37.6778603608653 37.8509585329347 37.5939790743206 37.7616471708415 38.0289397359041 38.3066763670064 38.3481489428756 37.8263984416378 36.6411680903074 35.239340862012 33.9554071384397 33.1394411465075 32.6000709584295
35.3535351857113 35.3012487737702 35.1705566529529 34.5535085727918 33.728314681583 32.7121118660424 31.9629654465376 31.7575262635219 31.1824376947939 30.7855100527232 30.7776770013117 31.0300402572076 31.1671847362577 31.6241988329306 32.0074504044498 32.4131022487491 32.6756544414355 31.6337477960336 30.7514520290431 30.6780295334561 31.6838816699457 33.3383669684408 34.0243693116998 34.385073783354 35.1094208080776 35.6974841757466 36.2399756980165 36.5906854736133 37.0363551803994 37.4142149614007 37.5361205072116 37.2790338193929 37.6366138670784 37.3446657506481 37.3166569875588 36.8854758487453 36.9572738777852 37.1169967739007 37.3447819180869 37.2347596037369 36.912910200906 37.0139000430985 36.9296446161928 36.8506054415267 36.7762843862829 36.0919381597979 35.2330504539132 34.1155054412007 33.0567248962873 32.3451270929399 32.0012914245551
35.1373037789398 35.2006323569524 35.6012213085464 34.9910276409012 33.4722944995814 32.1449437010478 31.3599418455353 30.7945555132989 30.4463850698186 30.2874661053837 30.1519484474206 30.215990782551 29.9123935873569 30.3948982874566 30.4420798674678 30.7524853394641 30.542840627204 29.9712451332802 29.8020284011504 29.1606747205542 30.5940303533852 31.7076624400316 32.0718965134937 32.2727745194069 33.0930949818934 33.8039454096941 34.1974140718159 34.6911643608288 35.7093468579919 36.1381773930792 36.4426860746995 36.6752273628048 36.5016302103016 35.6652293404947 36.0451496459215 36.2665888342663 36.354831225932 36.5956327753631 36.3509325464424 36.2295708051774 36.0010443502762 35.7129167087094 35.7910151864067 35.6968751370645 35.1384807312428 34.5705972808043 33.7903519707146 32.8860122387332 32.1996257530229 31.5451223039039 31.1782985168223
35.1617451779258 35.589615450323 36.1839905545278 35.372470561939 33.6060898138307 31.7088718642412 30.5862671477981 29.8393575763268 29.4115978019281 29.3218634898313 29.1264899218906 29.0155368776125 28.579363704233 28.5285913612761 28.6349626853042 28.645440747631 28.5564149674826 28.4226492467111 28.1619023564045 28.6045558542492 29.7517723491534 30.1595057692455 30.0609284641017 29.8491729458064 30.5537133368863 31.5017596303628 31.9539606728188 32.897883721816 34.5139070222026 35.1255067704401 35.5124106604054 35.5848532158519 35.2340149843729 35.1073757148559 35.7924016021945 35.6797978977568 35.5309241905298 35.4325297136537 34.8393922646085 35.0917772874046 35.5345765354707 34.9181137458087 34.8815438314986 34.4001864434977 33.6640752044994 33.1123110111827 32.4493485957407 31.7093459218807 31.0554064514256 30.5053757721604 30.1243216109518
34.9200097127904 35.7654989480536 37.2190611120487 35.6098635283143 33.1550607526698 31.2939218503383 30.0561348112019 29.2315012907253 28.7552987117907 28.1543878049006 27.7388657019725 27.868426526484 27.3059434422234 26.8593142107571 26.7644600085208 26.5781119408998 26.7952077278849 26.7786105980881 26.7758805415718 27.5060362248045 28.9160577435491 28.8197179465535 28.4685551280241 28.3557683453242 28.5253912347563 29.9069120393092 30.8980899792563 32.1519113136452 33.401471305575 33.9914491059909 34.402308238279 34.3536087883479 34.5945220765686 35.2562622675652 34.8191478839703 34.6154506996753 34.6505631571938 34.0237656462833 34.3760167010768 34.8040627461841 34.8252248546664 34.4172434392642 33.7800130145875 33.1331705050196 32.346103172308 31.5307828562482 30.9724885915068 30.3122612604348 29.7401261532048 29.1276076134016 28.9157068896807
34.5738701148384 35.1991129121063 36.4678140316279 34.8901821421238 32.4831278743892 30.4911333901929 29.265077899009 28.5646373775173 27.7025059440316 26.9211136969352 26.6160219418257 26.4331512876362 26.3321355698832 25.7297392651746 25.5721685788651 25.0434188731311 24.9893974038398 25.6979089108464 25.9656024562661 26.5013780829892 26.9723825664777 27.0531041283696 26.3742300496095 26.4331967174039 27.401690623437 29.0792518522988 30.3603557517821 31.1715337682315 32.0870492956069 32.9034038406906 33.0815892812466 33.0079328565199 33.8997905073615 34.4948195733553 34.0158917634198 33.7775291037931 33.4576555716394 33.8041734074326 34.3708107169302 34.1780865057936 33.8414265871551 33.5758884984335 32.745883488744 31.8531582336101 31.0531841246102 30.2464769026005 29.5409552584152 28.9655857757113 28.3354789262335 27.8212461430729 27.5942434745982
34.0121225773174 33.8410634186913 33.9558116038311 32.8289519728669 31.0239641306806 29.518277856068 28.4901291917374 27.6918595992882 26.7397152838232 25.8808713117349 25.5095520345634 25.2449542432667 24.9845793752613 24.6397313577548 24.1494926496763 23.8024976430653 23.9254961558581 23.8930334023807 23.955847173346 23.891881264231 24.062021069358 24.0944508687161 24.1602152041169 24.9670669071146 26.4767910891026 28.0492625149374 28.9499437563984 29.4735884123456 30.4718411883144 31.5295931679077 31.7601955238023 31.9853045293462 33.3902456659527 33.6056915312444 33.3060837451888 32.847603259715 33.32691707088 33.7231960939828 33.7098007097246 33.7275116119078 33.3196559811108 32.7170560789708 31.731860374318 30.4442352548782 29.4700122231238 28.6178550578262 28.0342313484845 27.3879130886854 26.8927326290192 26.4964085668849 26.3527631726858
33.7279973365504 32.9127874496638 32.0710483947085 30.6867830430612 29.5804661667805 28.5767846973486 27.724113682221 26.9020243383299 26.0160905340988 25.1496496107279 24.6845037898321 24.0968871754503 23.7665462793763 23.3484552638591 22.9090668186655 22.8858397250612 22.7845692150248 22.356419150725 22.1932913605568 22.05054086334 21.8837511056099 21.7102001794094 22.4286904334968 24.2052791064231 25.6498646234138 26.713017477361 27.1768499205508 27.7729533480342 29.1341333545714 30.3560162396694 30.9543974966224 31.2794582797193 32.4298834542393 32.5546057978845 32.1242821544134 32.4584586306349 33.0088582556789 33.1658293981848 33.2199887920454 33.1567007122983 32.5246292344556 31.7430217791085 30.7851394893552 29.289958621732 27.8679778566312 26.9128753787233 26.2708968762714 25.7160769271064 25.3472755008033 24.8453893032158 24.7122864612938
