Climate_data/Aus_bio20_Equal_10km.asc
NCOLS 560 
NROWS 490 
XLLCORNER -2904860 
YLLCORNER -5334205 
CELLSIZE 10000 
NODATA_value -9999 
[rows 110 to 131 of 490, columns 357 to 407 of 560]
-9999 -9999 -9999 -9999 -9999 -9999 -9999 -9999 -9999 -9999 -9999 -9999 -9999 -9999 -9999 20.1595403595439 20.1435984454165 20.1345235830266 20.125675778885 20.1166224475245 20.1073468886949 20.097758703098 20.0877845358194 20.0773394589339 20.0662668841353 20.0545616240932 20.0423011388953 20.0295885780779 20.0167636516336 20.0042276853858 19.9922150635047 19.9805855138418 19.9688242096265 19.9563175335289 19.9424225098299 19.92640858779 19.9073280433661 19.8841121754585 19.8559788016972 19.8278182182538 -9999 -9999 -9999 -9999 19.5524816543677 19.4924613364613 19.4048758967452 -9999 19.2191154075282 -9999 -9999
-9999 -9999 -9999 -9999 -9999 -9999 -9999 -9999 -9999 -9999 -9999 -9999 -9999 -9999 -9999 20.1786637397204 20.1699992378992 20.1611453491189 20.1518972856863 20.1423723007947 20.1325195286807 20.1222866656061 20.1116197009228 20.100378549548 20.0884055091486 20.0758037918515 20.0626471473372 20.0491758886795 20.0358657253445 20.0234962708728 20.0125215705757 20.0025897321972 19.9928518095404 19.982395391513 19.9705574574466 19.9564406351227 19.9393306243002 19.9181182790136 19.8922049671715 19.8626918241395 19.8261636766619 -9999 -9999 -9999 19.5914868105484 19.531880678469 19.4750003814697 19.3347863084169 19.2592924879934 19.23098020263 -9999
-9999 -9999 -9999 -9999 -9999 -9999 -9999 -9999 -9999 -9999 -9999 -9999 -9999 -9999 -9999 20.2023841942394 20.1953955860409 20.1862776300418 20.1766364107917 20.1665675279796 20.1561348017256 20.1453538832744 20.1340834719131 20.1222245362283 20.1095868719513 20.0962450449139 20.0822893412172 20.0680571294488 20.0541097978522 20.0414989510568 20.0314290464164 20.0230396395597 20.0148884561718 20.0060875578092 19.9958101745157 19.9833573708375 19.9679259890307 19.9485561976542 19.9247598416193 19.8960478899865 19.8913455133934 -9999 -9999 -9999 19.6393551743031 19.5776727578328 19.4890125098985 19.3962801361933 19.2809792122207 19.2223745500044 -9999
-9999 -9999 -9999 -9999 -9999 -9999 -9999 -9999 -9999 -9999 -9999 -9999 -9999 -9999 -9999 20.2259463830948 20.2192642148493 20.2097679489313 20.1996808149896 20.1891383868763 20.1782788745185 20.1670371866595 20.1553413994021 20.1430700857942 20.1300014854193 20.1161818580452 20.101781141366 20.0870897348753 20.07277034334 20.0599495452858 20.0504025236214 20.0428773651776 20.0356987429229 20.0279008251139 20.018769848635 20.0076201840273 19.9935466597945 19.9757959099453 19.9538202088666 19.926463029248 19.9033850841578 19.8944137825169 19.823413848877 19.7605238657139 19.711683878843 19.6097929308779 19.5220568871075 19.4229667801093 19.3148827989313 19.2187752705378 -9999
-9999 -9999 -9999 -9999 -9999 -9999 -9999 -9999 -9999 -9999 -9999 -9999 -9999 -9999 -9999 20.2480746431574 20.241509185756 20.2315337773872 20.2208747956079 20.2098728187877 20.1986931632329 20.1872764681674 20.1754656533281 20.1630399038557 20.149828684373 20.1358232926962 20.1212769025595 20.1066363984785 20.0925685054016 20.0801823970371 20.0704789365542 20.0627109893682 20.0556296002993 20.0482619380831 20.0397929791748 20.0294676842875 20.0164988421947 20.0000789041844 19.9796233024831 19.9540157378593 19.9225112659649 19.886474316512 19.8421336548925 19.7842203092638 19.7192458001521 19.6429134180557 19.5543236196238 19.4546077884551 19.3440566748578 19.2404223230581 19.1351756178141
-9999 -9999 -9999 -9999 -9999 -9999 -9999 -9999 -9999 -9999 -9999 -9999 -9999 -9999 -9999 20.267955460458 20.2617974423408 20.2512916490816 20.2400010043658 20.2285704252816 20.2172593077447 20.2059293048136 20.1943438657982 20.1821950075187 20.1690667059588 20.1551024628782 20.1406560546029 20.1262674839379 20.1126442652953 20.100584442372 20.0905192209547 20.0821837432445 20.0747199087526 20.0672397741018 20.0589747315329 20.0491583752994 20.0369690585775 20.0216084534017 20.0023813257083 19.978162564325 19.9480390852837 19.9109593461934 19.8657919584864 19.811836416075 19.7471125930299 19.6707356757879 19.5820359876627 19.4821138438129 19.3696696877233 19.2481799150796 19.1168203178394
-9999 -9999 -9999 -9999 -9999 -9999 -9999 -9999 -9999 -9999 -9999 -9999 -9999 -9999 -9999 20.2857882495537 20.2796403637746 20.2683882872813 20.2566377437181 20.2450585997086 20.233825546451 20.2228427150563 20.2118478633161 20.2002758646223 20.1876048637667 20.1738131954838 20.1595407109324 20.1454367515929 20.1321358516421 20.1201711119231 20.1097585490417 20.1007398428712 20.0926458082811 20.0847625744183 20.0763772958297 20.0667871826183 20.0551462245084 20.0405852594114 20.0223708771744 19.9992905375305 19.9702654712873 19.9342174796035 19.8897850895825 19.8357323613484 19.7713120676309 19.6949062781693 19.6063618940883 19.5052452080988 19.3911966559475 19.2652574478267 19.1274417976912
-9999 -9999 -9999 -9999 -9999 -9999 -9999 -9999 -9999 -9999 -9999 -9999 -9999 -9999 -9999 20.299324032345 20.2934658927743 20.2822456177051 20.2704210432701 20.2590702977393 20.2483516636803 20.2380160591774 20.2277647528285 20.2170974405967 20.2050523449791 20.1915607485844 20.1775645868073 20.1637235979405 20.1505834847347 20.1385641704029 20.1277812494026 20.1181178185673 20.1092730568032 20.1008007843407 20.0920968383953 20.0824573349952 20.071153182607 20.0572259923049 20.0397277528399 20.0176566999399 19.989543070874 19.9542893333858 19.9106312138727 19.8570493861121 19.7924581932316 19.7160228213502 19.6269435724153 19.524930430993 19.4092057603688 19.2803252673736 19.138551931702
-9999 -9999 -9999 -9999 -9999 -9999 -9999 -9999 -9999 -9999 -9999 -9999 -9999 -9999 -9999 -9999 20.3048598685773 20.2930769855267 20.2816176317704 20.2709297210601 20.2609657667232 20.2515042195994 20.2420817862834 20.2321464314179 20.2208197433456 20.2079150195425 20.1944587079852 20.1809817056564 20.167923960866 20.1557822236728 20.1445356438053 20.1342233241005 20.1246475155232 20.1154427003463 20.1062124694988 20.096351652144 20.0851671125333 20.0717856574032 20.0550248785398 20.0336908236555 20.0064282105446 19.9718406281397 19.9285699767407 19.8752157848746 19.8105983398325 19.7341003601825 19.6445850881328 19.5411879481657 19.4236705193294 19.2915831133119 19.1452554416597
-9999 -9999 -9999 -9999 -9999 -9999 -9999 -9999 -9999 -9999 -9999 -9999 -9999 -9999 -9999 20.3272254303646 20.3138353823479 20.3021024682264 20.2912357124539 20.2813464738856 20.2723246931975 20.2637803536255 20.2551288675072 20.2458109465067 20.2351269918818 20.2231543704498 20.2103579777225 20.1973447500425 20.1844388839529 20.1720573232037 20.1603083734118 20.1492824522832 20.1388220667921 20.128796375141 20.1188589375907 20.1086706020581 20.0975174534031 20.084514104808 20.068526566614 20.0479928614913 20.0214880673132 19.9875080885547 19.9446028948943 19.8914203964336 19.8266734751461 19.7494640434994 19.6588732745124 19.5541402354231 19.43438283358 19.2991185917028 19.1474750206602
-9999 -9999 -9999 -9999 -9999 -9999 -9999 -9999 -9999 -9999 -9999 -9999 -9999 -9999 -9999 20.3350032128597 20.3225113372303 20.310576310507 20.3002452701916 20.2913702110446 20.2833971761914 20.2757574278356 20.267878886341 20.2592007466327 20.2492490117455 20.2380378499327 20.225850756593 20.2132130033928 20.2004107274949 20.1877611491445 20.1754442272865 20.1636663618744 20.152298864091 20.1412522659962 20.1304794301373 20.1197061851244 20.1084887318105 20.0958790889694 20.0806265277475 20.0609803981254 20.0351348691368 20.0014851361747 19.958445152922 19.9049037216776 19.8396617346917 19.7614379081839 19.6697198453831 19.5632827077323 19.4412079952344 19.3022156531507 19.145341876425
-9999 -9999 -9999 -9999 -9999 -9999 -9999 -9999 -9999 -9999 -9999 -9999 -9999 -9999 20.3622971944377 20.3469830576848 20.3323117625081 20.3197852708264 20.3099934447391 20.30216474758 20.2953049986624 20.2885715740111 20.2813888176868 20.273286568036 20.2639634841348 20.2533725425808 20.2416043757452 20.2291977381039 20.2163422450506 20.2033778976757 20.1905685418373 20.1778763338203 20.1655735438875 20.1534563328225 20.1415508832317 20.1300161761916 20.1186082023157 20.1064447231353 20.0919780038883 20.0731375667534 20.0477719938709 20.0142057730113 19.9711033459844 19.9169402823115 19.8502985912404 19.7705069953004 19.6764770569853 19.5678397563667 19.4429776963427 19.3002570017333 19.1377109184648
-9999 -9999 -9999 -9999 -9999 -9999 -9999 -9999 -9999 -9999 -9999 -9999 -9999 -9999 20.459942278549 20.3606103194418 20.3443421581931 20.3312217315805 20.322006745225 20.3151846201874 20.3092127071095 20.3031980894854 20.2965323094426 20.2888520766331 20.2799369961152 20.269678293187 20.2582408378677 20.2458745966648 20.2328394412916 20.2194791078641 20.2060386242788 20.1927350199849 20.1793523838065 20.1661227406769 20.1529839872543 20.1403229774587 20.1286172426956 20.1169913106294 20.1033838636307 20.0852180629536 20.06020314508 20.0265901062765 19.9825346843951 19.9268183566253 19.8585293963928 19.7762012407886 19.6791308586156 19.566756116904 19.4382645424002 19.2914022381091 19.123241013564
-9999 -9999 -9999 -9999 -9999 -9999 -9999 -9999 -9999 -9999 -9999 -9999 -9999 20.4412160173022 20.3997255837989 20.3782868584973 20.3607671201226 20.3469477255017 20.3382485565075 20.3318583403164 20.3261895030624 20.3204258299335 20.3140063570698 20.3065175774548 20.2976676917049 20.2875118400056 20.2761279536445 20.2637022734188 20.2504688883246 20.2366652027939 20.2226781274874 20.2086980699567 20.1946081880082 20.1801840953292 20.1657914683317 20.1518149821211 20.1396496169017 20.1287113012517 20.1158408155289 20.0979708115431 20.0730678252627 20.0387926465108 19.9934946741949 19.9359937862865 19.864417448743 19.7787536514989 19.677235983854 19.559700371828 19.4252577478166 19.2722084113301 19.0967010232441
-9999 -9999 -9999 -9999 -9999 -9999 -9999 -9999 -9999 -9999 -9999 -9999 -9999 20.4375954426826 20.4202034759067 20.4012062895432 20.3836615225696 20.3696905922472 20.3601226338603 20.3530402351953 20.3468927427744 20.3407724553727 20.3340891148936 20.3264489842666 20.317503918101 20.3071736207598 20.295641450918 20.2830510639749 20.2696026117185 20.2554687676639 20.2410282727809 20.2264618863944 20.211679675881 20.1965794513534 20.1814732942359 20.1666645651181 20.1540358677498 20.1431704537294 20.1301934810465 20.1121803184882 20.0867508799853 20.0515305214293 20.0044420998156 19.9439840236602 19.8693007420627 19.7786371505925 19.6716508472003 19.5469660194632 19.4040885956055 19.2410814151481 19.0550606869785
-9999 -9999 -9999 -9999 -9999 -9999 -9999 -9999 -9999 -9999 -9999 -9999 -9999 20.4643160449984 20.4471658494339 20.4285824063156 20.4117436169629 20.3976384644517 20.3867878478261 20.3784023138512 20.3711922518597 20.3642291887409 20.3569134515734 20.3488045273802 20.3394882532958 20.3288426956027 20.3169295874434 20.3040016951036 20.2902459883295 20.2758588013138 20.2610761923239 20.2460941941374 20.2309223253608 20.2156608647354 20.20040103842 20.1858728040635 20.172907491308 20.1607782497479 20.1467272381357 20.1278924464478 20.1014529520978 20.0650498609099 20.0158669043006 19.9522851147715 19.8731620447955 19.7776632706755 19.6639441851544 19.5310570898519 19.3782258848052 19.204092652381 19.006863084083
-9999 -9999 -9999 -9999 -9999 -9999 -9999 -9999 -9999 -9999 -9999 -9999 -9999 20.4946097327704 20.4776300709094 20.4594695068367 20.4429763991223 20.4287648847384 20.4168500997681 20.4070383643089 20.3985246480309 20.3904991591967 20.3823337924325 20.3734450183814 20.3635649858279 20.3523635823327 20.3399557445137 20.3265554502183 20.3124618153341 20.2978211365773 20.2827324758268 20.2673823833476 20.2520209566178 20.236709516732 20.2216539539147 20.2072386635897 20.1937466354012 20.1802072008248 20.1647013205959 20.1445870747751 20.1172086579765 20.079268502484 20.0279959650606 19.9610145858122 19.877631236341 19.7767662160976 19.6563534794357 19.5152748474662 19.3525611976595 19.1670358616343 18.95923947855
-9999 -9999 -9999 -9999 -9999 -9999 -9999 -9999 -9999 -9999 -9999 -9999 20.6153843091252 20.5913195777304 20.5105444359151 20.4929831778056 20.4764609659546 20.4619480366422 20.4491889965205 20.438120306099 20.4281700379493 20.4189352759037 20.4097634210079 20.4001197838181 20.3894531154611 20.3775156473442 20.3644779985974 20.3505563927018 20.336013800142 20.3210663426635 20.3057624547919 20.2901680279836 20.2746040460052 20.259181954945 20.2441072604568 20.2294288665572 20.2150456470173 20.2001025155372 20.1830002944855 20.161553565128 20.133037282237 20.0942506690917 20.0407572186214 19.9708192063719 19.8836388575884 19.777746409285 19.6513837912694 19.5029122042663 19.3307838473326 19.1350766343843 18.9165765902385
-9999 -9999 -9999 -9999 -9999 -9999 -9999 -9999 -9999 -9999 -9999 -9999 20.5879748870966 20.5630393162323 20.545329922083 20.5280317823846 20.511633895513 20.4965681967559 20.4829566712088 20.4707555387572 20.4595925122788 20.4490579131419 20.4387279473515 20.4281327597307 20.4166628123383 20.4038283726995 20.3901156210107 20.3757362732361 20.3607423637756 20.3453948580084 20.3297150854333 20.3139642377106 20.2981240928041 20.2824909551076 20.2670529269766 20.2517571023372 20.2362106906309 20.2197115180065 20.2009385485297 20.1778929632837 20.1480159766454 20.108052000635 20.0532651416837 19.9816346799164 19.8920776596735 19.7826828928108 19.6518978429588 19.496891447647 19.3167536894513 19.1116132079243 18.8828747607675
-9999 -9999 -9999 -9999 -9999 -9999 -9999 -9999 -9999 -9999 -9999 -9999 -9999 20.5973821418024 20.5813779007844 20.5641257157909 20.5476823588013 20.5322396659335 20.5176956018041 20.504471133195 20.4921402022788 20.4802947921948 20.4687278062287 20.4569679242101 20.4445563077855 20.4310061759521 20.4166406826299 20.4017657717088 20.3863948692289 20.3705855882107 20.3546687728207 20.3386121951347 20.3224320201381 20.3062675988618 20.2902104655962 20.2739988478478 20.2571435645755 20.2389021343188 20.2182523187254 20.1934157322682 20.161931730256 20.1205626264153 20.0655753813162 19.9941669573299 19.9041083396852 19.7931802325222 19.6592808428143 19.499680571546 19.3129201941522 19.099382281162 18.860621315459
-9999 -9999 -9999 -9999 -9999 -9999 -9999 -9999 -9999 -9999 -9999 -9999 20.6594790931266 20.6357241951617 20.6181581867925 20.6008692254278 20.5841870440181 20.5682715731147 20.5531052539204 20.5387265058939 20.5253003472293 20.5123565975423 20.4994997281505 20.4865155596138 20.4730807105148 20.4589223733659 20.4439066654673 20.4285594047307 20.4127384892894 20.3966929068359 20.3803107947006 20.3638022901168 20.3472847219212 20.3305513610176 20.3136276790868 20.2963333767647 20.2780535953626 20.2580125489329 20.2354215569714 20.2087892655599 20.1760834525834 20.134190244871 20.0800014309712 20.010024313345 19.921221227152 19.8102069143389 19.6754678518521 19.5129546800574 19.3217561674936 19.1012422021178 18.8533131656564
-9999 -9999 -9999 -9999 -9999 -9999 -9999 -9999 -9999 -9999 -9999 -9999 20.6888706562797 20.6718335646826 20.6549074302059 20.6378202079118 20.6208222006012 20.6043816696007 20.5886267895042 20.5734812003143 20.5588387269736 20.5447732087399 20.5308390212871 20.5167954434644 20.5023122893043 20.4874033761958 20.471920860706 20.4559892717249 20.4397784530739 20.4233835155049 20.4066113338725 20.3897205996713 20.3726303136278 20.3553984287135 20.3375931227024 20.3191682309367 20.2994955961025 20.2778247883102 20.2533335024423 20.2251707318862 20.1917481139347 20.1504880684283 20.0980985223324 20.0307261452641 19.9443203940082 19.8353795346513 19.7009299398963 19.5380454730157 19.3439827941847 19.1181973762815 18.8629389903736
