Climate_data/Aus_bio15_Equal_10km.asc
NCOLS 560 
NROWS 490 
XLLCORNER -2904860 
YLLCORNER -5334205 
CELLSIZE 10000 
NODATA_value -9999 
[rows 132 to 153 of 490, columns 357 to 407 of 560]
-9999 -9999 -9999 -9999 -9999 -9999 -9999 -9999 -9999 -9999 -9999 132.432546522307 132.414377717503 132.282905709962 132.141084744457 131.91443635487 131.630446102835 131.349689308676 131.060204542336 130.771619661957 130.430224115889 130.090324185711 129.733932409542 129.413813225055 129.107689674721 128.793017590839 128.516076681865 128.256685925249 127.985513101824 127.754661693516 127.547593057676 127.165851174823 126.820179249655 126.425236678337 126.033091167147 125.686940435662 125.227099143429 124.782780460711 124.709174254168 124.82551875341 124.638163144379 124.357782486186 123.058808021621 124.281131929726 124.113679719345 123.71626975562 122.785289952528 120.792399576727 118.836066058797 114.434465812612 108.06178625176
-9999 -9999 -9999 -9999 -9999 -9999 -9999 -9999 -9999 -9999 -9999 132.230663785108 132.034052621055 131.909849493113 131.744226943817 131.530416926091 131.320892600157 131.061980758281 130.769339328612 130.499470758565 130.21420572058 129.934827712715 129.647464479771 129.415140095263 129.167144805597 128.920434778578 128.733615354744 128.516157427279 128.245313080699 128.004446106854 127.903770370577 127.602729418279 127.326590902983 127.014632280599 126.708589200751 126.469469886382 126.067942177729 125.807963947314 125.72357034631 125.943161916344 125.693879903649 125.384598215634 123.370355428912 124.496102782468 123.183950426502 123.001993861207 120.456896889093 121.022485326838 118.820363217805 114.135655855391 104.792227447241
-9999 -9999 -9999 -9999 -9999 -9999 -9999 -9999 -9999 -9999 -9999 131.84401562267 131.645320437944 131.499357355077 131.306823539865 131.156191557496 130.949427745479 130.712959547354 130.448934161626 130.217170290581 129.985162572539 129.73762808657 129.511786370609 129.317638151655 129.174093678888 129.015775606042 128.836018502164 128.649844675293 128.504425723396 128.328207381162 128.187657413538 128.121250275443 127.936090176534 127.730736700336 127.539566140536 127.386548622691 126.890575368342 126.870008233346 126.831933514632 126.965540530175 126.847960171461 126.613660402554 125.257511829116 124.636829315058 124.221659997799 122.780292625848 119.605430625898 120.042787122317 116.555964166036 110.073407729735 103.185046286524
-9999 -9999 -9999 -9999 -9999 -9999 -9999 -9999 -9999 -9999 131.625807461025 131.493820350841 131.292748393675 131.082470672633 130.87298699885 130.631640088002 130.465271188912 130.291400555002 130.077988791536 129.919251543444 129.763697336518 129.563384448267 129.452526806747 129.348902937758 129.216315405603 129.152760354996 129.099947989143 128.959823642606 128.834915649791 128.744257793851 128.602252726349 128.50467412953 128.458145996502 128.500182956276 128.398816050219 128.219059950772 128.074217023642 127.975801569155 127.944074467328 127.641065245518 127.309774979023 127.272025164135 126.443299821113 126.495956890718 125.85333051722 124.192238714754 122.916855832629 122.905089644345 117.580584864212 107.470485428609 104.763135179639
-9999 -9999 -9999 -9999 -9999 -9999 -9999 -9999 -9999 -9999 131.356199851652 131.118265445611 130.875130638795 130.691657929426 130.491003453136 130.274982076592 130.099198809856 129.928943902807 129.751494376556 129.614738420092 129.472234589589 129.355267974642 129.360771640888 129.335654017253 129.308446156556 129.318634007112 129.32746047704 129.297139757484 129.200572478848 129.089534453748 128.966895774579 128.885542849874 128.821054460019 128.919292321555 128.885790792092 128.968220970478 128.974194584686 128.869368950367 128.566621908245 128.009023337272 127.667616415288 127.447570354011 127.661130771302 127.490937515173 127.250589861905 126.612440858699 125.525539130428 123.920874677191 121.534101994563 117.128728635627 111.198826117937
-9999 -9999 -9999 -9999 -9999 -9999 -9999 -9999 -9999 131.496810354772 131.096615039454 130.721531554054 130.441820882797 130.250574469598 130.042324870654 129.854232232123 129.706068857329 129.503851888167 129.37123499233 129.279784257866 129.182195860889 129.184025426041 129.275537546315 129.312868000782 129.387156143719 129.474048797535 129.517571011525 129.536211779796 129.55843858263 129.458652810513 129.375176070848 129.326569562865 129.280602525275 129.299163741874 129.383361946397 129.157386628322 129.229605841573 129.247462513487 129.03510546431 128.667275276754 128.132060551237 127.613355977281 127.540742292334 127.575384214153 127.384356748831 127.096246670737 126.07155233399 124.514937674492 122.661167237956 120.526212198686 118.525021681119
-9999 -9999 -9999 -9999 -9999 -9999 -9999 -9999 141.074350789313 131.348213431209 130.749636693449 130.263294663188 129.979077188935 129.803578780119 129.643523796791 129.515319432782 129.337416179539 129.104035350502 128.972830667565 128.928464538158 128.947967292204 129.029099829682 129.147140198577 129.304481095424 129.456122441296 129.612490869029 129.703099482492 129.807464170978 129.889549278479 129.918371741193 129.902999252818 129.79030764656 129.693206649379 129.634724888767 129.83933151226 129.571811222186 129.452746301456 129.481132495777 129.349873378372 129.082921930344 128.582855662518 128.304662342764 127.680451989888 127.697240740857 127.381977503486 127.303025787144 126.593677859218 125.468794768197 123.857742444179 121.997403254567 119.57021638338
-9999 -9999 -9999 -9999 -9999 -9999 -9999 132.471295367273 131.916822872597 131.169261259879 130.421934368639 129.737431130521 129.525008346159 129.471961422811 129.361836136875 129.259609427948 129.072893411491 128.753081556283 128.547776360427 128.543591148202 128.692029250346 128.866108150426 129.047778498032 129.282496544494 129.527248963899 129.70962958542 129.894295103614 130.053987326111 130.194931413523 130.317442133282 130.259050386053 130.273054024506 130.124573591727 129.957183799177 130.196667806323 130.056516042879 129.929297171366 129.891357544718 129.81294298475 129.62479898704 129.249703889197 128.700623988935 128.128138464985 127.688335100585 126.925304448274 126.909059601685 126.460885506876 125.482582179426 124.267817420302 122.826635424159 121.003930393097
-9999 -9999 -9999 -9999 -9999 -9999 -9999 132.904500390733 132.001489772658 131.14515323953 130.27492497288 129.521912731811 129.187316373659 129.12916568815 129.151239017724 129.032796726878 128.774175828368 128.45385863653 128.204180812067 128.275300983743 128.503286231548 128.734749047953 129.001921629521 129.305490405587 129.579148810577 129.845022678947 130.078417803673 130.269883903317 130.482732615077 130.700595696651 130.779489311736 130.723714590571 130.674204715753 130.460533725117 130.557511623572 130.609602556735 130.565408200396 130.351296573096 130.299671869044 130.242864545284 129.930416503598 129.342075480093 128.87892023067 128.283592870445 127.262815732783 126.778254006799 125.978491338235 123.727092548083 122.487065544346 122.13327715463 121.282647808244
-9999 -9999 -9999 -9999 -9999 -9999 -9999 133.025477367666 132.114389387006 131.169911646375 130.293528051079 129.59775750223 129.12506605903 128.958323002922 128.915319770806 128.891573811265 128.54765356664 128.165472077665 127.987732860998 128.11044214478 128.351364130305 128.649599227845 128.988407967305 129.361023369782 129.676372564697 129.988007777716 130.255404189422 130.495234378939 130.715361934894 130.951648356887 131.059921364626 131.185922891945 131.108231015865 131.013699017904 130.999687172396 131.254674894529 130.971909929074 131.003899935421 130.847741279181 130.801457937794 130.60775470671 130.116267511985 129.459749456027 128.876278406746 127.708956180347 126.224018687365 125.279503917744 121.676143780025 120.627159278421 122.004335183641 122.064016783047
-9999 -9999 -9999 -9999 -9999 -9999 134.099966024816 133.320795755634 132.195357309491 131.122211681977 130.150761814667 129.458306807908 128.957337247363 128.709992527898 128.578639284822 128.510964542269 128.173748802092 127.800114845825 127.707581049687 127.910627836299 128.216159884383 128.594793025554 129.026584873474 129.416800458659 129.798352661929 130.201507526434 130.557633136526 130.854227593447 131.110554239493 131.322161208098 131.466476807069 131.491153436279 131.575467466704 131.44846425976 131.480096297537 131.887562269472 131.76224103299 131.522186978857 131.460405980971 131.384303761912 131.05750166001 130.862028771682 130.243036664954 129.226694796231 128.430492088593 128.019397598959 126.113289113715 123.984505070109 122.337809175724 123.056659621668 122.8654780616
-9999 -9999 -9999 -9999 -9999 -9999 134.704596355038 133.481316791791 132.038917416392 130.798256972336 129.915294655664 129.193505498346 128.610134775312 128.305466762572 128.087807728399 127.884514849665 127.583190400377 127.370551729427 127.43648136957 127.678872280957 128.06301181919 128.535296607662 129.027911795777 129.453669195151 129.875954191798 130.41919376728 130.895331990228 131.233926668114 131.477256272558 131.777595945654 132.001211288552 132.078175852898 131.97126216877 131.951376987447 131.894877423685 132.294748612665 132.095848028806 132.101670620586 131.860008902246 131.686639514936 131.471722963609 131.11538320692 130.808734217416 129.899215030087 128.805081837619 128.343376947551 127.85783266124 126.147084534011 123.088883837827 119.835365730922 122.039591423939
-9999 -9999 -9999 -9999 -9999 135.343090382923 135.130363801772 133.22680271019 131.585325271441 130.31746957935 129.371240464794 128.712458155433 128.215077756024 127.859755198318 127.574246820969 127.304559145816 127.071561930796 126.961037061748 127.100528522356 127.436460401066 127.875664734252 128.404523476908 128.947957049532 129.465815605929 130.002836230667 130.513016425545 131.052675244409 131.519579150818 131.900533918195 132.220711878401 132.474158719844 132.659955371528 132.678512214326 132.480589153253 132.241645504107 132.542606557769 132.438544424276 132.360550607982 132.305255985686 132.092599083709 132.079393416009 131.555109102606 131.16905062821 130.377305941831 129.669897862492 128.570547565393 127.891713102335 125.610233961796 124.691660249421 122.690252219932 123.224906145739
-9999 -9999 -9999 133.410894021243 134.016443782635 134.369891919646 133.831912471253 132.19797991841 130.547458081442 129.41091316439 128.678431782767 128.11497171918 127.66994122166 127.354324047677 127.060402072249 126.821224383136 126.652303867849 126.637000689153 126.855722698269 127.234121939414 127.72090376886 128.286194434641 128.888484770017 129.463379801179 130.070440383515 130.582908391449 131.128868753094 131.699496374345 132.195688430996 132.529471199631 132.791625187729 132.99881071082 133.018047473844 132.834481012572 132.598860128639 132.413589842808 132.729753710144 132.797998826741 132.702854151015 132.762047325014 132.656798324824 132.583084419208 131.848957069595 130.888118803722 129.784977455478 128.626948437687 127.685478425295 125.732052973493 123.047922338843 122.805710147858 122.33519026532
129.735791424293 132.362920520349 132.597198479 132.897762247276 132.958259076759 132.744848877073 131.837559905195 130.557191789074 129.083228916832 128.244440289326 127.841315110184 127.50716279897 127.184256351941 126.901517799604 126.622368472383 126.439258537927 126.336304909149 126.395484254377 126.674665547513 127.073882068724 127.563771461906 128.184834303199 128.803879440523 129.420242038539 130.032186202566 130.565664541364 131.147193198531 131.669354025109 132.224715999532 132.840516182832 133.239017627009 133.237296998505 133.079796941969 133.094877027743 132.828896654678 132.596603204495 132.526559442396 132.733613484055 132.980593429878 133.004607858372 132.993445081165 132.939977078209 132.496186025131 130.779727485685 129.889337626994 128.673399555385 127.392749467122 125.961227306098 123.631426542086 122.654226371899 120.998775297764
131.788984890651 131.886759816394 131.963086083765 131.941057882078 131.743298973869 131.236042291259 130.21285611277 129.094382217211 127.737574345293 127.345075667573 127.184845852661 127.000618167971 126.776106782964 126.535076437731 126.327961897457 126.187534364273 126.15210603611 126.234013821181 126.525531501677 126.933426917007 127.399292308678 128.018220037609 128.738895050051 129.471968214088 130.084782285609 130.647117897964 131.140091406077 131.720794379213 132.324529402881 132.980849997849 133.523278735064 133.690685113151 133.278441530273 132.978674506445 132.711307696036 132.42755203595 132.399631501042 132.235274686799 132.763401752306 133.133427899102 133.306428298925 133.04961603585 132.279977854951 131.430600632997 130.019893384937 128.846437724309 127.416798072617 125.643013306364 123.408527426041 121.139281012127 118.951179717969
131.253900254031 131.217451347574 131.157792160923 130.974619255994 130.661987971953 130.06143452931 129.140961167014 128.151687946429 127.428629762039 127.046748990188 126.822594474657 126.691388783106 126.538571138349 126.329258883696 126.136686335259 126.034666973343 126.022599685166 126.106091993289 126.36798538809 126.740124945825 127.262768321938 127.854089545879 128.597319888921 129.431758146152 130.150233498964 130.627081576546 131.01092107166 131.536114385172 132.096017626054 132.834281809171 133.394629346166 133.71827006673 133.40146772237 133.020043968792 132.446957705992 131.961317816898 131.711430855165 131.63946582692 132.163235685676 132.781041343327 133.012349631274 132.566004081332 131.656312117902 130.86634459986 129.730799502325 128.105037465778 126.532241809329 124.665147619769 122.188939214806 119.229942525536 116.35743124532
130.654899948996 130.60700776515 130.379130084902 130.124487236653 129.772926012066 129.243898951598 128.334365438045 127.486931504352 127.204331936136 126.998494754152 126.720904599278 126.577224426407 126.441270045034 126.321614523488 126.136715065031 125.979133526271 125.944361902927 126.031051728952 126.247856906877 126.57848230304 127.087154882448 127.660084745001 128.40800084251 129.268689532971 130.048661645193 130.537302143381 130.856809488615 131.171807736438 131.696539569322 132.29850519511 132.79118218589 132.909762448971 132.851976072784 132.400213030169 132.082414577948 131.668991082464 131.361097222546 131.445802302825 131.642498505099 132.357521538693 132.17263924848 132.259852021696 131.874802242003 130.46468881758 129.169069908664 127.409950452331 125.569533845443 123.507289730638 120.915167233258 117.502099549148 113.578147039883
130.07831192855 129.852671066236 129.512569307212 129.367125310837 129.020082765311 128.592887702585 127.919128975569 127.411288651731 127.240338471068 127.034503388326 126.802131742131 126.680016174085 126.57921752473 126.499707695509 126.354116107287 126.144597736696 125.977510743285 126.01729477746 126.13948512555 126.461858050155 126.893991203261 127.444247288618 128.11963046021 128.919478331214 129.678325184749 129.997130206544 130.32940635593 130.713925247368 131.116570529507 131.540108720255 132.052730083615 132.209998292539 132.05153580379 131.647797822101 131.428524006241 130.99796493076 130.948172457369 131.854449097485 132.131268092507 132.241848057138 132.098270566255 131.926339360024 131.365604135509 130.173881209681 128.07498598179 126.3843947033 124.638562730774 122.46392406969 119.84475023021 116.415335886853 112.41155069724
129.283251714708 128.995515795159 128.826383748299 128.682107298167 128.402980759381 128.066769701293 127.647093626258 127.410800619966 127.305320838926 127.097116662407 126.956688096983 126.893591545276 126.814285844462 126.80041962161 126.687990526314 126.402589185562 126.185825933965 126.110533485349 126.099728663706 126.31999826303 126.635809138391 127.029914107854 127.509632727124 128.174207520328 128.505563159392 129.125324493624 129.432703336805 129.847130546819 130.397002870727 130.943437266137 131.279798997858 131.786665176032 131.631174843967 130.878005445673 130.763238096456 130.655352951614 131.024181894316 132.356987205169 133.218221236176 132.575473839024 131.782718989624 131.503728775 130.508595062016 129.228966395847 127.496134931997 124.858058698001 123.402285153585 121.80524620915 119.56546076964 116.394483342795 112.216812837716
128.48694931826 127.885383250721 128.064157580438 128.067967851504 127.938293164557 127.702643752982 127.403813411169 127.320239710216 127.378724470506 127.261354654779 127.168409434065 127.08256301843 127.082698830912 127.06792191132 126.943816233621 126.714739645041 126.460638154241 126.315489983646 126.280838191851 126.301758767959 126.073432035133 125.886368930105 126.444305947754 126.769926634605 127.173590218316 128.291814193919 128.43557619035 128.828094019524 129.457925518363 130.17937077823 130.759569584617 131.136366552538 131.199557487437 131.370493721976 131.115956218351 131.221112181373 131.77915586692 132.469610517127 134.166711923911 133.729212890639 131.964042383363 130.974569692778 128.82463609619 127.090510474571 126.053466779464 123.6369783195 122.267935163253 121.5740844305 120.184344769328 116.62822944726 111.904597730667
127.541766063393 127.261016310797 127.465214998587 127.620344538193 127.71368776367 127.600389973477 127.450152507062 127.476556523267 127.522974393552 127.488971006323 127.440389874286 127.367438445586 127.373346184912 127.329107703619 127.172083267621 126.973465265379 126.777215871433 126.566601159582 126.480267869633 126.434021087807 125.887275914016 125.269481913369 125.914583283444 126.129440787953 126.998830347154 127.538223765799 127.719891049025 127.97621868165 128.698902294962 129.359602697825 130.233703934327 130.802523000639 130.8219665445 130.946445335646 131.352914888059 131.601113427549 132.020437039864 133.776634473502 135.222901235293 135.087688949628 134.338550587507 132.852696818114 130.292170389416 126.837465361216 123.432814865848 121.167466257044 120.995644548062 121.571228103271 121.158379240449 116.899339272938 111.546008154502
