Climate_data/Aus_aridity_Equal_10km.asc
NCOLS 560 
NROWS 490 
XLLCORNER -2904860 
YLLCORNER -5334205 
CELLSIZE 10000 
NODATA_value -9999 
[rows 308 to 329 of 490, columns 102 to 152 of 560]
-9999 -9999 -9999 -9999 -9999 -9999 -9999 -9999 -9999 -9999 -9999 -9999 -9999 5001.75260411297 4961.02195738606 4761.70275305199 4577.07452834551 4611.94634492194 4651.51168146051 4391.17121026679 4274.32695341201 4067.11718764329 3768.9156298757 3332.00583267916 3035.58246763401 2790.91826327475 2522.37765281451 2446.01437248956 2332.8533233595 2290.37316570096 2218.70443836538 2163.38767624868 2112.70498195184 2103.52124469802 2109.39025297041 2135.45827526703 2107.38467208326 2094.62056289578 2074.77831240922 2091.68542993298 2160.84052720645 2211.18387541485 2241.89920118245 2191.1203637057 2173.22853915064 2192.1945230951 2163.5167825873 2118.09112836065 2081.85596083475 2091.86446945677 2059.72734838905
-9999 -9999 -9999 -9999 -9999 -9999 -9999 -9999 -9999 -9999 -9999 -9999 -9999 5110.78595377412 5114.48506762296 4971.92448918013 4828.75023518478 4713.14320815961 4848.08452769533 4744.97959199879 4491.19513243183 4289.52375476241 4052.07115584806 3540.30626460171 3133.44992715323 2897.74331081973 2580.23449042023 2446.6246961073 2367.64051735526 2329.69410699744 2288.60171458912 2268.64113338545 2178.85957782161 2116.90737875259 2124.52178410661 2161.71773696564 2124.13492975914 2098.94509693475 2064.04794241876 2092.50692054404 2149.67197734001 2194.74523362071 2236.09792375269 2227.03364859818 2189.83560308418 2208.3825229168 2207.45878077606 2151.6970271083 2115.36252794231 2132.86946465642 2128.99333882657
-9999 -9999 -9999 -9999 -9999 -9999 -9999 -9999 -9999 -9999 -9999 -9999 -9999 -9999 5191.2714669265 5160.19532128147 5066.39207287171 4972.79582788676 4971.00729168072 5003.21052282247 4782.88174940913 4565.92715752982 4264.35933704759 3702.49450378255 3335.86421291636 2963.28046459839 2624.47474416448 2527.14439742566 2428.22855989453 2346.72169232881 2340.01188545031 2307.30084454372 2223.97993557952 2145.37985878355 2168.63045612408 2156.51910204025 2108.32812062356 2072.78831512102 2079.58365640848 2083.97501096189 2139.01250902579 2173.96367464128 2215.04350334413 2232.50173928774 2229.40992507219 2213.5774982533 2213.44401564389 2195.86155845667 2151.32028207535 2149.96763992059 2157.20480835449
-9999 -9999 -9999 -9999 -9999 -9999 -9999 -9999 -9999 -9999 -9999 -9999 -9999 -9999 -9999 5312.36213746673 5308.83120812677 5244.64772081264 5185.42857012023 5071.80378658287 4984.8506154387 4768.83427169431 4344.12646495097 3847.9714764667 3393.45372555658 3042.98303842901 2724.93360170458 2585.91742405418 2485.44018004225 2373.53458773849 2372.37836607437 2349.77804366364 2262.88157087063 2186.27098290822 2192.95359528573 2142.12838454543 2097.68014467951 2084.28632333867 2111.3707861022 2103.58359056335 2118.97362665799 2161.7732491925 2194.36637042533 2209.684306797 2219.74258601177 2209.55179489776 2214.02007858061 2225.31370395736 2186.29334965033 2183.70529722425 2194.44899912417
-9999 -9999 -9999 -9999 -9999 -9999 -9999 -9999 -9999 -9999 -9999 -9999 -9999 -9999 -9999 5353.03171590339 5427.80427794639 5504.67195320037 5419.33479567686 5052.55297693262 5093.55060325632 5007.77530528118 4737.55071860762 4222.27202583292 3832.42948031288 3200.85694071423 2785.79532287133 2618.58536024358 2488.03542518302 2467.75223772741 2498.6467650495 2449.67384092641 2368.42297417818 2273.96289366566 2214.82163367612 2145.4895816379 2096.37869184623 2103.03941858033 2105.20917915518 2122.57821591327 2150.05870402397 2197.8759811563 2222.83857201399 2234.32892570057 2231.37852074199 2226.80465817057 2218.77645815127 2215.66695030481 2229.03305172407 2240.31687736943 2227.01921930002
-9999 -9999 -9999 -9999 -9999 -9999 -9999 -9999 -9999 -9999 -9999 -9999 -9999 -9999 -9999 -9999 5494.66766325506 5595.72643125631 5521.46179120152 5172.07072102759 5136.3814649912 5286.13210562144 5151.46825626904 4844.29561216601 4183.82244234059 3525.64802682121 3026.39318650047 2732.2208935636 2614.78222005368 2565.07087591172 2542.53719308987 2538.38594982819 2458.66860023835 2328.784775762 2213.00535939462 2186.53050678869 2123.039116981 2081.45916769575 2070.88574988944 2087.24544321971 2138.50713438834 2195.61189786147 2242.17829967174 2228.96498711443 2233.40373623357 2213.76520933148 2206.06196600781 2208.51802375496 2213.04646101031 2235.47877925073 2244.39276831927
-9999 -9999 -9999 -9999 -9999 -9999 -9999 -9999 -9999 -9999 -9999 -9999 -9999 -9999 -9999 -9999 -9999 5637.13783246005 5657.90144038058 5445.431544018 5289.80091567865 5828.69807979011 5564.41400322121 5044.96270572175 4573.74199687613 3985.91252574195 3453.2439704708 2925.54375587498 2777.61457993076 2720.87999431736 2654.90480475351 2558.56661271385 2490.6361868801 2347.59265523279 2260.02986781656 2263.23717629579 2190.40336750438 2117.18006463938 2094.59472093399 2112.50428274862 2149.17343238374 2199.38439119424 2253.64371449813 2236.71122411698 2222.41708949991 2204.13553337798 2195.71912557176 2212.94163797646 2235.36342886597 2217.5213754368 2238.52427904299
-9999 -9999 -9999 -9999 -9999 -9999 -9999 -9999 -9999 -9999 -9999 -9999 -9999 -9999 -9999 -9999 -9999 5668.02132302497 5816.72703791871 5662.4391021973 5483.76674577795 6467.81687485424 6340.31867255543 5562.39470615116 4905.16306622834 4261.56334035688 3790.59161045418 3132.79748132473 2825.20596192439 2734.29838668135 2708.3964073256 2653.40791543053 2535.55864923179 2399.10328463402 2307.45168615311 2275.11615491045 2240.0007477378 2192.55453651339 2172.02331649506 2178.46604713157 2183.12130337125 2220.90686306236 2257.34284029509 2271.97369443657 2237.59409902911 2231.54231325084 2227.48670500445 2222.91109917946 2233.70172503529 2223.04827588174 2243.44962694216
-9999 -9999 -9999 -9999 -9999 -9999 -9999 -9999 -9999 -9999 -9999 -9999 -9999 -9999 -9999 -9999 -9999 5657.40413418804 5918.40975426335 5873.93100078821 5929.18765604447 6832.01511187037 6606.56156436657 5852.43430858233 5284.05092257942 4587.21005049085 3960.79183783961 3390.49069346079 2960.17005849091 2825.43871579515 2762.31604314122 2653.564299033 2522.46082179194 2416.77931130218 2397.18589151319 2356.17930614656 2333.25710291878 2315.9199773369 2276.02164841162 2240.25711589166 2229.88047266803 2258.56475130131 2274.65213079052 2301.12172607383 2266.24690336604 2264.95790260048 2271.27037952667 2266.6178622575 2250.27904747363 2217.6035292443 2244.54455845164
-9999 -9999 -9999 -9999 -9999 -9999 -9999 -9999 -9999 -9999 -9999 -9999 -9999 -9999 -9999 5596.22665797289 5581.58908617337 -9999 5947.09697172977 6039.86353603698 6359.43461876349 7817.80771978463 7376.48042415418 6459.33996352176 5639.97076136192 4812.19231029483 4184.0208675964 3521.56489100489 3074.83451545094 2789.07816194483 2745.84055601112 2663.47385613527 2543.45640401426 2474.68016690474 2425.63506596609 2387.02233166956 2379.42228930375 2400.34364902821 2379.19373140805 2312.83210188803 2274.81785519021 2302.87167775414 2300.55616183396 2289.96864335887 2296.9408318437 2268.34260619681 2268.316913075 2232.78508626696 2235.95252316886 2232.47652741014 2248.53625003078
-9999 -9999 -9999 -9999 -9999 -9999 -9999 -9999 -9999 -9999 -9999 -9999 -9999 -9999 -9999 5606.29334227673 5593 -9999 6055.28844774711 6407.00224494903 6602.19799954651 8049.22634288556 7754.70124705745 6966.70856210919 5943.76212115044 5131.07538566262 4382.90833608384 3740.53939965447 3208.17777949767 2922.99762757004 2764.02312217132 2669.49389486279 2597.63680973372 2549.33823520978 2521.69713170297 2464.18873187078 2442.0311996472 2473.2867241534 2457.29989196914 2374.37720222146 2326.56675251955 2315.6212342143 2328.95135495459 2320.18203912537 2287.40682188734 2262.8915303309 2252.73986018017 2213.70720332072 2221.1876700548 2229.90626693052 2248.95332658803
-9999 -9999 -9999 -9999 -9999 -9999 -9999 -9999 -9999 -9999 -9999 -9999 -9999 -9999 -9999 -9999 -9999 5899.07717306669 6162.85670503623 6547.38953620784 6809.83476835844 8391.76063997283 8073.32480569198 7197.06012077336 6308.8795188151 5367.11750553615 4511.48744694708 3899.87078978242 3439.43833919295 3132.72525891791 2925.02528855635 2813.60872928373 2697.32609493251 2610.76124806155 2556.05149134572 2526.81585767331 2513.71632334653 2508.44349718571 2501.1757977594 2437.15166399424 2357.36421211559 2320.42729950058 2329.4405456198 2307.71123798405 2293.09220048737 2257.45541402438 2255.33869816927 2252.46325494615 2272.28923895485 2272.08172978373 2312.937834838
-9999 -9999 -9999 -9999 -9999 -9999 -9999 -9999 -9999 -9999 -9999 -9999 -9999 -9999 -9999 -9999 -9999 5994.2441525406 6224.3021974397 6556.06784614213 6853.11610331413 8496.31158319 8297.28075568201 7419.59409050084 6438.26148474087 5512.41971755312 4669.50988624645 4097.17967305994 3610.08463558556 3357.8921843433 3097.95226077579 3008.77028119288 2854.80884294911 2718.29882559511 2620.20772767807 2540.21101143896 2518.7002814802 2489.33014811935 2501.09080626344 2455.66828625357 2387.21526601768 2357.28417661347 2328.43664497945 2306.89028955155 2298.37016762737 2320.47448787756 2323.60406323375 2307.57620780638 2316.35769517269 2335.59197864286 2337.40326290657
-9999 -9999 -9999 -9999 -9999 -9999 -9999 -9999 -9999 -9999 -9999 -9999 -9999 -9999 -9999 -9999 -9999 -9999 6312.78658713289 6566.95277961291 6947.30377948018 8636.60103395738 8381.84229937352 7540.34004751063 6555.79834938382 5646.67786250927 4816.72073253992 4257.37612477762 3768.92763404291 3549.7502905514 3297.34276317703 3162.27302427331 3020.65901166321 2913.9577295706 2715.23042946614 2575.04790429004 2500.62096430026 2489.49119488596 2490.84819907945 2463.07849051894 2411.5895515682 2400.87146847042 2340.89507840009 2320.58479081359 2333.12096863007 2335.30032973145 2331.02932550486 2336.50428383359 2369.31526695403 2377.82411615681 2395.58815910143
-9999 -9999 -9999 -9999 -9999 -9999 -9999 -9999 -9999 -9999 -9999 -9999 -9999 -9999 -9999 -9999 -9999 -9999 6365.71536808998 6565.08005678921 6985.82845494308 8653.33896710943 8556.9733309947 7648.61368871631 6586.73050631573 5601.48114529925 4785.20991628666 4314.88287346949 3873.86513082096 3617.51132612814 3418.44185979591 3238.81027870494 3111.97036469261 2999.21541010173 2794.4106158029 2623.19662167339 2515.78832185984 2483.87412098737 2496.58876666819 2490.38395957416 2461.98535302634 2410.76073890395 2371.21346513049 2337.65750772806 2323.14116039576 2313.61218331219 2326.77089454627 2349.03556677852 2372.62502089981 2413.38690096249 2430.63451192325
-9999 -9999 -9999 -9999 -9999 -9999 -9999 -9999 -9999 -9999 -9999 -9999 -9999 -9999 -9999 -9999 -9999 -9999 6422.30510073588 6585.98203855242 6958.62255261766 8736.83242872114 8740.96159460662 7754.21765424885 6650.4623013217 5499.23762209587 4646.18095310718 4205.7799726772 3889.40053318163 3634.70632346227 3496.03498805265 3404.53900073964 3208.33319765676 3055.17170770018 2887.3682576399 2677.20679107052 2564.9503787842 2525.82283300877 2496.08757188118 2510.6449014117 2484.6960930721 2457.71531522049 2411.14452758847 2399.09313563465 2367.3297349413 2355.11026979998 2345.41187323919 2361.52004497089 2375.92934652751 2421.68239605897 2433.44264303342
-9999 -9999 -9999 -9999 -9999 -9999 -9999 -9999 -9999 -9999 -9999 -9999 -9999 -9999 -9999 -9999 -9999 6486.75204407387 6518.5707253284 6688.48497950017 7009.82773985577 8771.12140509474 8881.99375457489 7824.49945985734 6672.84218996903 5513.13370614766 4662.83064472995 4231.12495138019 3920.16380078602 3754.28590872828 3656.99357376014 3529.13026903752 3379.04689712726 3136.09144481598 2951.62326050354 2749.40962556075 2578.87661850735 2552.97640636023 2561.84073143064 2555.03765099912 2531.55527051926 2495.40466877652 2464.9583546528 2423.8195432797 2404.44817034409 2386.90072491603 2412.96152678464 2393.25856007621 2387.50242704225 2424.8753966751 2447.57773507843
-9999 -9999 -9999 -9999 -9999 -9999 -9999 -9999 -9999 -9999 -9999 -9999 -9999 -9999 -9999 -9999 -9999 6525.08043430229 6615.88067764719 6770.89861709601 7012.35826592131 8407.70193153572 8555.85361354871 7764.10937042195 6660.51844408042 5559.15647479089 4817.61883850904 4339.86719109727 4065.09066155145 3841.97806501448 3706.96587593059 3626.28596564129 3538.16143899386 3255.66750972207 2936.40418407797 2727.81425394406 2558.15295324077 2590.63664144297 2600.24135774679 2559.61531610926 2544.34041148465 2544.71907530326 2516.62637629975 2451.21306955648 2416.1930983447 2419.33482382267 2421.41259085244 2453.62942090404 2440.90983669311 2451.44616424198 2478.1344300169
-9999 -9999 -9999 -9999 -9999 -9999 -9999 -9999 -9999 -9999 -9999 -9999 -9999 -9999 -9999 -9999 -9999 -9999 6652.1461613556 6752.43887213496 6922.66124155515 8070.24441515784 8342.69626811621 7547.65563932182 6644.88812867007 5675.09768156593 4976.39764783068 4543.69884749233 4162.88574924787 3975.81937638892 3763.71670512277 3638.8271881823 3526.83064245744 3184.73534547257 2900.47624889342 2718.81496623277 2641.23374905142 2689.56509983128 2655.86589608649 2580.45672628798 2561.68496986892 2572.28482735161 2529.3916958336 2475.38147512718 2447.5026635302 2466.0841134053 2447.47061719406 2481.59263469115 2504.25650963094 2510.42434574452 2514.13217303322
-9999 -9999 -9999 -9999 -9999 -9999 -9999 -9999 -9999 -9999 -9999 -9999 -9999 -9999 -9999 -9999 -9999 -9999 6602.53266151959 6716.71698820517 6770.9049178542 7763.28675039038 8036.10153533673 7325.91593260071 6496.27191121591 5775.99979009075 5183.78185661126 4660.39221350331 4325.71122224335 4017.42415318522 3755.32747999656 3590.68688933338 3416.38282715377 3086.75381819259 2874.89352575777 2805.91171434087 2788.25625153869 2800.61381621703 2701.22588089588 2613.38600120721 2581.11665174578 2578.00879936812 2559.3438287963 2496.67621605214 2480.86540290665 2492.50135629444 2486.46096359066 2493.34769447286 2539.74197015503 2559.33095269782 2555.63773730735
-9999 -9999 -9999 -9999 -9999 -9999 -9999 -9999 -9999 -9999 -9999 -9999 -9999 -9999 -9999 -9999 -9999 -9999 6541.16477810141 6582.02776769913 6640.05806116734 7331.9002871384 7609.12546254058 7187.81738774037 6451.20420688383 5847.99948379552 5240.70439424663 4709.10743416546 4294.53600140789 3961.53994154397 3793.16245182961 3512.92942704326 3277.11445777968 2998.21558287944 2873.28304415114 2857.08793190568 2841.60619610661 2835.36553578893 2754.45888330666 2663.51325139602 2654.59621077429 2616.94431119253 2593.85703190439 2546.99021929144 2512.34424496465 2505.22465103527 2537.36498597361 2530.33606045494 2548.70263591806 2588.11923937328 2614.25725765756
-9999 -9999 -9999 -9999 -9999 -9999 -9999 -9999 -9999 -9999 -9999 -9999 -9999 -9999 -9999 -9999 -9999 -9999 -9999 6442.26263005351 6500.63554538641 6943.01480140962 7135.48439789909 6935.27116464447 6417.71977392305 5868.21047545961 5364.81762988409 4844.53221456065 4429.02604821295 4004.4472011881 3730.91379038282 3476.10374545096 3223.34180918991 3062.24937186238 2957.96699460265 2913.05036864908 2878.30543302815 2857.37436332575 2821.22876287908 2733.28449779111 2687.43344654101 2622.4926012366 2622.80060556415 2602.80967870949 2546.12558558897 2536.4314306667 2569.57221838137 2592.82831755017 2601.2522259973 2638.93557522898 2693.18781453208
