Climate_data/Aus_bio12_Equal_10km.asc
NCOLS 560 
NROWS 490 
XLLCORNER -2904860 
YLLCORNER -5334205 
CELLSIZE 10000 
NODATA_value -9999 
[rows 154 to 175 of 490, columns 255 to 305 of 560]
621.007548226249 615.01688629129 606.862949009477 598.592904167134 591.251802057798 582.661670195194 585.476553552375 580.018760455658 566.961130299573 554.534108377153 546.833635237734 539.69382698814 535.473802930767 532.120315088955 529.818711479615 527.76536730991 527.864261422226 522.178780580526 520.817520662929 513.898642929078 516.823134087008 512.84217251573 503.954027451742 502.35696455047 500.546289238559 503.71335401316 500.004504388898 492.31076883788 482.705673556739 477.050739819115 472.595524103208 469.934170903264 471.928334491803 469.667667575075 475.800472301927 478.783469065554 469.342034607509 463.416074100564 459.908656985052 456.808697472319 452.293319372508 447.688952296051 442.373695529593 437.378149651188 435.301841732401 433.173696386218 431.838344288494 435.442474252447 438.143589344886 440.864667960476 444.348650511014
608.480120321649 603.031912256076 595.967981973359 588.137788605251 581.168512938587 573.453901196725 572.691130817444 567.819032918472 551.838456091625 543.351778472176 538.732113179897 534.46076965069 525.550936442542 521.709172905604 520.017203146601 519.731932132648 518.960504380611 516.466012357753 512.256833865544 503.775202298542 504.091083385575 505.4295936357 497.537659876353 490.005006748958 488.12809082095 486.678333797388 486.527382419763 480.790940235665 476.904910130512 471.713146087918 466.443032026612 463.093220706098 459.734011925002 458.511475783654 462.016370193759 479.674180266763 481.492715929778 464.739462067348 458.408199241662 453.025860588071 447.808105175733 442.770438847857 435.768744003501 429.593731016911 425.69648187993 423.489212843838 421.987674981321 422.268261703581 424.758830698952 428.217449343433 432.93072878108
595.348942908821 590.540743411498 583.629104337157 576.620995328249 570.94662905939 563.557320091841 556.74619725282 552.354380637452 540.811273316609 537.403507851522 534.255761771947 523.013846797342 515.480949310956 512.048513476898 508.528915935136 509.89036771585 506.329583895924 508.233849943545 500.886891733676 494.984031959696 497.090816817493 495.535727226436 487.882643184689 480.733460346872 479.009439465559 474.195653095728 474.144759128342 473.287727651105 469.64328854325 464.008293159531 466.255160672221 463.708407884835 462.210758343315 461.132942836738 472.146896407806 483.725551741424 484.685684856686 468.699549211127 459.374130798027 452.53244936439 445.835938364602 439.021768057666 431.545679163663 424.172485191398 418.680909742374 416.110862239759 412.919938012925 411.908231429419 414.012510716584 418.370738459963 422.698066898327
582.475214743573 577.736752341084 571.610330083527 565.404491627995 562.567643419585 548.389879452082 539.648503711175 533.88954545294 532.59565734614 533.286663757459 521.416501969312 513.424528036334 505.942824127338 504.918078788761 501.49536605868 501.656026367774 497.638897156828 494.954895210091 489.424441012224 487.950512397064 491.219021825488 483.936582900189 478.395683767649 472.867178017129 473.549993879197 469.092344713122 464.223122996926 461.772354139021 462.148189157685 459.690171524316 459.661403092352 465.197054443328 464.149955413414 471.092813427555 479.556777831433 493.538858653379 485.914083564961 472.337675516679 459.973561088687 451.196622933837 443.203623025134 436.824791561938 429.595706545375 421.240173457458 413.580404167258 408.593834999616 404.734590477406 402.786584793969 404.064659974226 409.214015695642 414.220942926518
571.866393225283 567.096608905618 561.44403795471 553.842756255615 554.031485579867 542.055408337666 531.019146257208 525.011286701732 523.572691326695 524.960997627176 515.995664347179 507.221708976048 500.486273799286 501.567060029788 495.540578345595 491.002977394074 486.777078849811 482.792917312538 481.507220549559 483.794775389097 481.49355082584 473.236008012149 472.475460110415 464.8986277268 460.225518589817 463.071332624738 456.967917384683 454.409282552733 457.20182715123 453.97624771108 452.389001449596 461.543219400213 464.659012867008 474.85767754315 487.430775558917 488.760456153635 481.771230895255 469.797946035036 458.091173384246 448.385196206863 440.880841976579 435.994631669971 426.110205605331 416.161054670973 409.397091545861 403.374222260774 397.176745825246 393.465109625619 393.902148707082 398.808512181932 404.559864539056
561.056387649133 555.44659469044 552.989335966835 547.741903148736 543.465275417095 530.681146415018 525.276079974356 522.11442982479 512.067552937056 515.03630046275 512.881205455453 501.289356577483 498.065835285974 495.232611497255 487.936518037795 482.167471488237 476.706462081686 472.927179760272 475.101068902008 479.391088162242 474.86725231574 470.728666211099 465.529638672797 454.865781584032 451.942792277092 452.459302861742 451.09509981295 449.601484097968 450.616260473522 450.65268917065 450.911770888237 455.582539381096 460.765891883426 467.406474502096 479.5565223107 482.295612728427 480.970873942032 464.684185124602 454.35216645388 445.229086222199 438.414289728386 429.641643364398 421.74153856633 413.367110964799 406.760306596085 399.965694584457 393.271896573999 387.419308367845 388.521110850554 393.250216855888 398.651585636942
551.538488455619 548.228260609868 542.023374063827 541.920212343245 531.46086775307 520.96800551875 522.996131239379 516.117593197821 506.393824795424 507.694680612222 504.698760493713 495.749883945987 492.177726060309 484.227112318948 477.094314145517 472.270851513571 468.519805505989 463.931241443258 466.556064946467 468.217739041814 467.869497423213 464.562555485843 452.82551926962 447.514117001223 447.179606417686 447.625312940073 445.561501672573 448.491215751049 445.783250626506 447.741858236175 455.213382703316 450.132562333677 451.585702806384 456.771788758341 464.420100975195 474.90057007725 470.477239154795 465.384854796575 450.07855564689 442.006370129583 437.131181576404 425.045786829369 415.851430246499 409.666465201698 404.071955495276 398.517200124215 391.9294526348 388.737445003656 390.84089497054 392.47694160715 396.349834451385
540.058955117214 534.803176041684 533.488159154795 526.385240785504 522.010960394285 520.175700412344 519.840968484582 505.49940698288 499.14482524567 506.110138938599 498.67948487053 485.791460744731 477.155046637517 473.021455395519 466.90533585835 462.06652339755 458.988693350492 457.308870189258 458.19153052471 462.551439179221 462.403531110588 452.327430369548 441.428411923401 439.368585060157 439.859407689795 443.805412686963 442.163839752687 447.835739049487 440.834301459992 442.261004816283 453.025179825702 449.076355678183 448.465592160568 455.972108549618 459.076169218799 466.538377525121 474.019826254421 457.049635712812 447.834426886282 438.000301069026 429.706082702517 422.217904764488 412.752476021913 405.577248009285 401.03863076541 396.15973628589 392.493678285212 390.387513443429 392.670528939121 392.873408031401 395.914291849748
533.798492761521 519.487765233161 512.121005945069 510.857950040934 514.131097912991 518.31468678258 506.94091636752 495.395620092004 494.606004600014 492.286301062379 480.676815292509 479.142199402348 466.77538631003 460.901971969029 457.396435740161 454.109980916887 454.912829676843 454.902061423227 453.39508021222 456.265799505003 449.679620766491 440.646888863075 433.0222752891 432.919075796818 435.188631429697 441.110321183077 437.307977510164 441.718298040139 439.007856335577 436.943078988307 445.891476500887 445.879245111401 446.911664671137 457.279429210212 462.533467446998 464.959487403192 462.612456045565 453.808448120657 447.426305911367 440.320135397105 430.579448973892 418.547209432938 411.942287296058 405.121716421635 401.833265438287 397.897081229802 395.571018303518 391.1152420092 391.502416387643 392.298302602571 395.086978322882
516.170520440561 508.448831628918 502.632687071416 497.403595301799 498.853253685046 499.021334252351 490.398450134883 482.550062648568 481.716439143518 473.665288180766 463.584385262642 465.719807382229 456.239178542629 451.470051884154 449.474985769756 452.822923536194 450.702731348615 452.615826832289 449.938591893526 439.613075907688 430.545608709995 427.365739137065 427.071350257894 426.742543701928 431.367625095671 438.292629560729 437.491822236156 438.193732982262 434.617630570696 433.400581548087 435.899150017911 436.093643810224 442.756635139721 448.422232255148 455.971618539198 457.109021389271 448.537457539408 445.93517141536 447.359116950339 439.728029494584 429.78482549974 420.034034731505 412.029469293735 405.622591885137 401.272436006182 398.112211391912 394.850112468399 390.817892004799 389.185300833861 392.548682485458 396.276802534096
503.552610752796 498.119015651833 492.859885412287 486.55552550645 482.404416549038 480.273253151046 470.524358266168 466.133470884924 461.83991279314 457.280409480266 453.16345924489 449.979132071133 446.440337006035 442.802891391654 439.802916518297 441.04665936266 445.789711911219 447.424860420049 438.039384487907 427.690656135273 420.652073095545 421.399165377533 424.443205702639 420.557415316526 419.520957825182 424.247567845704 424.825012686177 424.737095786452 422.70134333374 420.251498093651 418.562856642869 425.984802602385 431.575711859781 433.856389758057 439.877477175473 449.011184255659 453.299261564093 450.648128767639 446.480407681372 442.944411414856 429.272864565274 419.111481097092 412.019723119782 407.023869829454 401.585311849175 396.520584512838 392.064191631684 389.986531026983 390.781418690027 391.522481346994 395.158321863074
492.470047143361 486.748609858462 482.323412680107 476.307541582869 470.38949047591 465.993629281062 461.040953855193 456.678290218332 451.601274715045 448.401102449407 443.739457348476 440.609533253688 438.808145658299 438.567409554182 438.370112542944 433.435313166511 433.482354546486 438.505259749088 433.674590803886 421.915452046761 411.562116823151 409.712207372775 408.969728728477 408.355527521842 407.507166070788 407.872281771761 408.48220581505 408.969455178401 410.413056565804 409.630795194779 409.702793021249 413.57087266082 418.031904105127 423.299514956283 434.39408039104 446.410426584693 455.472331414759 455.735113520337 447.272401150345 438.267665607776 427.690004816 419.629223532017 411.427110836445 404.924667557124 399.222335638414 395.058444164096 391.590508503491 389.879950388915 389.751200040035 390.980870798422 395.681854550093
480.476189031409 475.522381002535 470.969485842114 465.086878721822 460.744600284586 458.258368745462 455.680621981176 451.053939135742 446.002552775802 439.73190488452 436.153161222537 435.263848790263 430.174308182821 431.367102592119 436.100883289455 433.434173435674 436.581293734176 432.852083869499 417.417468363232 409.636523092072 407.547302731042 403.519587652546 402.516663276655 401.384595861459 400.817525413844 400.082839198316 399.735056486536 401.222737913473 402.039099362752 403.810445288631 404.591697411294 406.43269463926 409.752514023643 418.228742759698 425.99105894012 437.375015090934 449.215867632836 457.69321608281 448.710623751918 434.400777531687 428.664556215886 418.358876008528 410.613047877521 403.586149470271 398.256954583746 393.304868512786 390.251920347192 388.672253098945 388.362589821594 391.090464225374 395.753486047233
472.729266161441 472.986645520365 466.928710176988 459.406937808256 458.045658384104 453.019345068106 447.917808625265 443.072090963058 434.386806708223 431.664740984348 430.727040032342 428.990193097798 421.628931222103 419.171572042553 419.534330533421 425.356495280951 430.062610310397 422.75264589065 409.326762041734 404.917308729437 409.257922876525 400.619513157895 398.671988312847 395.780907110282 395.796734192467 396.733562890978 394.639047158927 394.862900423345 396.370907294953 398.476823576799 400.070033330002 401.608799716634 404.877312588714 409.311903576413 417.233261382937 426.284246010217 438.150062116007 448.968248631552 441.837356835859 435.888098538898 430.203922154938 417.69065527821 409.095357403559 401.068000437322 396.159900151298 391.203810639813 387.787698016696 385.774060607432 386.79083231607 389.33671296498 395.873570141751
468.640762305977 471.351663237343 463.794030052409 457.500939051927 449.423666579472 440.769821191747 434.564021999003 430.425049551443 426.080614610213 423.169018742192 422.342306401195 426.061562668918 416.340775842165 410.36307351803 410.810474434709 411.890671619049 411.342594200322 406.180112007291 400.887874819888 402.118421084865 400.916239279875 396.743498047351 393.88755711581 388.903157732701 391.943899200563 393.214727205923 393.109046277106 389.509864961976 390.565896513757 393.819254106646 395.878792460489 397.414752266207 399.984599166529 403.843615342991 410.925409559125 417.524822828622 424.590205616554 430.689363667137 436.434695543815 432.399177478934 423.238981769571 414.240383270767 405.511066320505 397.995879861325 392.759290097438 387.718224165476 383.977806890278 381.742484901462 382.721800449052 386.769065783555 391.474995366609
460.125731160197 463.92915383688 460.49809388936 448.404466584987 445.226800291601 435.554998570862 429.701698198401 423.430401868055 420.686378146037 415.146034872513 411.302140428553 411.785176601882 406.536446850894 402.243760763199 399.150929890782 399.266077634242 399.085272759283 394.225829135241 393.408991684989 395.187634823819 391.434855201369 392.023042759408 385.747173361955 381.661422433682 383.441066974162 387.84638006713 391.142028845802 388.17283902819 385.278206964396 388.866863459273 391.306485368229 392.746226886676 395.552430472962 398.142971732425 403.556358281163 413.28407428545 419.925838713028 420.716227141667 426.614762088575 425.657299896381 417.023552779804 410.534944537855 400.2838130427 395.578277014838 389.142911629236 381.984215087419 378.512727232763 377.014251343068 378.725080090484 382.398956968932 387.25986193051
451.372405916235 455.66462003277 454.57570956555 446.638698334823 443.784230909084 433.178222253576 428.889402977377 417.034630698499 415.696832438871 406.533972708686 402.266357601141 400.277290028418 397.360359603805 394.298715110965 390.866988954513 387.656216125185 387.416265650873 388.212421907784 387.998122490504 384.171832898846 382.047654502257 377.24308027279 373.80974447444 374.228435377102 375.4570584291 377.974364477364 384.112115285746 387.651492123695 385.524459055962 386.585456575051 386.658450798036 388.565841236394 390.747807406506 393.37121095495 397.364819762411 407.055102851303 416.229148223061 414.779822146231 419.137964744817 421.325062509831 412.769343458925 406.146428177996 398.632020345505 394.768496770265 386.17861324816 379.414838499365 374.665710315573 373.319536447409 374.421185649679 376.946223807 381.29802068038
447.025428131517 449.527243248018 443.489874479283 440.152732389412 440.253159300502 433.346188109668 423.219276549832 409.866977947758 405.605743070044 399.350135597598 393.731811205029 392.093730335738 389.431650310441 386.215283971976 382.211404092172 378.332003793217 373.025707537297 370.495325255217 370.909552967213 373.404892001365 377.213971045721 369.791152938241 364.407452637467 363.756344839484 366.294418106363 369.877753039538 373.347361625346 376.838814141466 380.794249285705 382.801922326271 382.294419895247 384.099633454794 385.71922275819 387.944623864716 390.524791082069 399.442614425978 411.549964239954 412.745123352273 424.544726655708 423.043197500436 409.822404899059 404.20920635507 397.406814198436 394.467871000906 385.547008716074 376.522006449587 370.953990942426 368.848137810735 369.545220529983 370.475605735275 372.95956494983
443.905238062718 438.584985117521 438.036333426711 438.158067106062 432.267964293081 421.38837434552 412.202711819144 403.812141878308 399.344186128741 393.852455932958 389.226298595869 385.260634265545 382.600088385175 379.474789205049 379.09850551319 375.656257478971 370.82192787397 365.960951057818 361.203551297852 360.956450466715 360.560137244744 364.041620958456 360.684640842089 359.050886446656 360.287238523663 363.295352727782 366.873595815338 370.189883298061 372.740735001923 376.120330688761 376.866803540024 378.840685553785 380.444898919176 382.07918919682 384.119279093144 392.576989057248 402.234583423716 410.143884752115 415.824717335349 426.947243031079 408.759302077094 402.451873869016 394.725833972025 391.282451928684 385.342370505794 376.501493393139 368.402062325577 364.177965772133 362.504027152764 362.887941416398 364.250369010784
443.274887756021 438.285257565705 434.657123146039 431.1507751146 426.287027893666 416.821796751497 407.243052268597 397.762896878245 393.804579924495 390.37552725977 385.819304506452 379.670676500405 376.048737650101 372.538754640139 372.196785418821 374.406538193881 373.358672275919 368.109107306899 361.874982170784 359.908052494705 360.329410833373 363.464243665946 357.309787379575 354.506642747442 354.839433069429 357.379416546342 360.451992095981 364.376074698911 367.308083851841 370.383456467551 371.991554179674 373.437858169546 375.271642533178 376.779150632564 378.915599534267 381.894472817157 387.782147655742 394.781172391045 403.202677015199 419.503961576166 414.266064499164 404.120340451364 393.693157833388 385.619376153754 376.553698784939 371.845359396689 363.428709109413 357.802565965044 354.941363896396 354.64790912773 355.293172432575
432.679697333889 425.716000102329 418.002816590317 413.078008232202 411.176653086052 409.714442753859 401.376512507842 393.001309158803 390.547036716657 388.218083526323 382.611228082061 375.342589787113 373.999377336272 364.680007639604 362.801905909702 363.462043951833 367.366824636321 365.377957420269 358.768653241005 357.277096899897 354.725266403727 358.414553454862 363.892424351811 352.957045007892 351.460789257946 355.062230319683 356.741237945648 359.814044619418 364.127489513776 366.455203317856 367.820260140766 369.614676903531 371.065534287484 371.848155722769 373.961981234368 376.279305473993 379.135825127703 382.795827818803 386.811322974643 393.845667438378 403.297096871389 401.675653820879 389.055572130113 379.835002921932 368.223327155881 361.387969979932 355.337627251554 350.789821779553 346.981552792299 346.460767752747 347.118690431776
415.073883620896 407.900039077698 402.733291554184 399.286728079467 396.292023389628 398.861397632096 396.874755846984 387.98519587998 385.136058187578 385.456336023504 377.289424875185 370.361601347091 365.171051738184 357.880954269416 354.944001326841 354.896147641857 360.503205968145 367.338550213216 361.551383055969 357.497053398427 350.881509173063 357.071866025518 355.994292300027 348.80346097026 350.555153709036 352.350540348976 355.616978285914 359.827264712315 364.472961386036 362.240504548106 363.915188311982 365.745906419014 367.160302106514 367.73163702622 369.20373211843 370.617875647004 373.054119736588 376.886937616953 379.931789324986 388.112703691711 405.216024776175 407.577769172924 383.144338842049 370.666526270744 365.993553493787 356.342971829231 349.390400443236 345.758660779945 339.229491152212 338.711087200436 339.989109342682
