Climate_data/Aus_bio2_Equal_10km.asc
NCOLS 560 
NROWS 490 
XLLCORNER -2904860 
YLLCORNER -5334205 
CELLSIZE 10000 
NODATA_value -9999 
[rows 264 to 285 of 490, columns 408 to 458 of 560]
14.1559209340712 14.2156447572865 14.2643390602675 14.3173028105964 14.3581006791998 14.3923944779458 14.4339624754271 14.4912149779491 14.5090915082792 14.4914062621324 14.5986944520463 14.6386326310524 14.6669658816318 14.6879259468038 14.6896459241424 14.6629879619392 14.6257701104077 14.5816046527096 14.5535892156182 14.50851545111 14.4685334022967 14.4346493146524 14.4201060806452 14.4165683918419 14.4283168845968 14.4535325185663 14.4547746065637 14.4041520634433 14.4136286380361 14.390561994008 14.3035457420448 14.3348319652478 14.4167559929471 14.3861516816859 14.3905983306808 14.3566775350597 14.4086976746574 14.4877540413816 14.5374564359482 14.5939444826556 14.624634357728 14.6034283209236 14.6568381624091 14.6385438458521 14.5882183968779 14.5391363572057 14.4644483621901 14.5885782749374 14.6237133960937 14.6714413711946 14.6923442027691
14.1206739280656 14.1876909544138 14.2391395386459 14.2862760760026 14.3233115405477 14.3507937948667 14.4020106071466 14.4535879494082 14.4206829412881 14.4879046054017 14.557363149296 14.587646502514 14.615981362841 14.6393849629575 14.623146160415 14.6015401490755 14.5512661243026 14.5116879984443 14.4722355163072 14.4165685903859 14.3819371049949 14.3508307746262 14.3205333154118 14.316293187977 14.3319887082927 14.3651829281547 14.3498199211786 14.292564879577 14.2613580173744 14.2682830493164 14.3088821325863 14.3323698020859 14.4277298320949 14.3633136219978 14.4390674991871 14.4312182839004 14.4443139543313 14.5116094427198 14.532434434723 14.5645375467233 14.5896811429282 14.6266009380797 14.6593733849607 14.6109647407664 14.4637304116308 14.507608932615 14.4618090815778 14.5765264315288 14.5029821035058 14.6454864682025 14.7198173607092
14.096289937386 14.1533945677369 14.2132344583383 14.2562580487097 14.2892524249219 14.3248311529593 14.3755722074846 14.3662452541784 14.4016178013035 14.4861759364727 14.5092987999378 14.5363533653523 14.5672610658565 14.5850940485517 14.5624466810375 14.5241888490707 14.4757635139995 14.4474548660908 14.3900950991268 14.3445519748318 14.2925246436886 14.2641471844642 14.2221189617578 14.2125473255154 14.2311588243224 14.2442118656432 14.1950619334438 14.2355735695921 14.2461208220058 14.23878926104 14.3251252113223 14.3456621176928 14.4234583476117 14.3930939199988 14.4639503611031 14.4431292701686 14.4952446036895 14.5333736049022 14.5342161175543 14.6042972690477 14.612754250077 14.6465766277327 14.6482228135927 14.6001742508748 14.4905271778041 14.4884199936937 14.4860847870908 14.5064597510088 14.4447139687833 14.656073565754 14.7426801763688
14.0778198268395 14.1282457718348 14.182787393806 14.2256309198171 14.260109481591 14.2940739896833 14.3360542643785 14.3125708356059 14.3849370048141 14.4402174778734 14.4599895877749 14.4928358993527 14.5209707288478 14.5362380956373 14.5039033304021 14.465069070662 14.4246039202215 14.3767997547905 14.3167599369029 14.2716347218971 14.2183820034832 14.1779089095678 14.1335979915972 14.096866712276 14.1152302866195 14.1167804640833 14.1052078987583 14.2086673928243 14.213463198404 14.2128463886388 14.325349145192 14.392981122334 14.3794635281306 14.4309237595451 14.4706335060696 14.4619009341113 14.5025348260711 14.5349518545807 14.5340934049675 14.5678019780562 14.5944889009132 14.6170646413422 14.6511961724985 14.6717166421131 14.6845278123296 14.645349550293 14.6582049539258 14.5848862645296 14.456310420275 14.668962309334 14.7401201622951
14.0650454473878 14.1077998723902 14.1521581831849 14.1983098286622 14.2320224468281 14.2630921241391 14.2900355557371 14.2841619759161 14.3249678266692 14.3842676202272 14.4066100962577 14.4335082695311 14.4535245780886 14.4634181439798 14.4372316199316 14.4026223370502 14.3468978609867 14.3077971984845 14.2574905644102 14.2100923383961 14.1600167614971 14.1068767294272 14.0584284982217 13.9961570899425 14.0110061578505 14.0672793299003 14.0960192844198 14.1668791196613 14.2611559500127 14.3124350300745 14.3382164215503 14.3655342920206 14.3896553308898 14.4072868995549 14.4275689753645 14.4437887644175 14.4595261006665 14.4722466384977 14.4817400235416 14.5058636357657 14.5381903929748 14.6049009976477 14.6174725736731 14.6094674553049 14.6668909544143 14.6571704125907 14.6510198965975 14.5298433329908 14.4676275290818 14.650705490997 14.7280700434908
14.0560665101546 14.0930070241471 14.1335237521452 14.1742171820413 14.2021432642431 14.2311535505847 14.2593041078224 14.2911547457583 14.3083575341722 14.3323375594205 14.3576325395803 14.3738835871867 14.3869704528255 14.3897218017925 14.360508801005 14.3260157929604 14.282007096065 14.2457933033805 14.2076030960507 14.1613815715987 14.1073238391347 14.0543873667772 14.0150208077628 13.9556253056369 13.9645354642918 14.0333487211006 14.1135872090002 14.1687969004199 14.2390276694494 14.2526365330947 14.2575408269735 14.2918044559954 14.3058262192139 14.272939907472 14.3613495253649 14.3655419940735 14.3436649556959 14.3564912704985 14.4371182055537 14.481348172534 14.53875687414 14.5794333643255 14.5988728808624 14.5439113207357 14.6006621108307 14.6351850757039 14.6202806325783 14.5666836040428 14.517193960788 14.6014365363017 14.7260122702075
14.0501267143215 14.0840763943957 14.1168595950578 14.1501445603014 14.1753171793083 14.1998754842204 14.2249431834114 14.2547833041447 14.2636538850509 14.2807775454043 14.3019709931379 14.3050567673643 14.3173104790732 14.3091258809307 14.276655076359 14.2573110825227 14.2226586619384 14.1929497447788 14.1598850117014 14.1282165650269 14.0792163466449 14.0329461436528 14.0105158795072 13.97243013855 13.9765174030178 14.0377222149997 14.1035032119248 14.1592490854141 14.1963724987683 14.1949435925171 14.1981804347493 14.1777030156618 14.2210078799652 14.1909693746625 14.2757447586733 14.2878029138791 14.3032260225531 14.3364659276445 14.3996376529619 14.4519326629127 14.4821112728739 14.4612564917817 14.500171914931 14.4604237911868 14.494872956323 14.5866875349898 14.5952847276626 14.503140079487 14.461888809282 14.3940381032944 14.6717468580049
14.0410346784679 14.0709890060713 14.0976067461583 14.1232224841646 14.1517088445311 14.1750947213169 14.1908366238405 14.2085652982961 14.2088973737733 14.2188303014001 14.2300624118604 14.2312024584064 14.2399715641766 14.230069430286 14.2088113374366 14.1918449769718 14.1690678700639 14.151393443942 14.1217068297955 14.1003802131828 14.0615513655846 14.0306319590765 14.0133846948236 13.9914466480319 14.0076331384604 14.0519418059333 14.1002511409426 14.1424722015492 14.1864221405344 14.1989465724103 14.2042657265596 14.1859836076684 14.1233806244366 14.1747240804205 14.2607765388741 14.2479565295907 14.3142033695772 14.3749579782509 14.3957895322961 14.3733080833769 14.4768002248597 14.4624263626085 14.5470240757241 14.5368503627352 14.590511704437 14.5299999744649 14.5017273139949 14.427487816544 14.4659450427266 14.3107738256878 14.4874346001325
14.0361841752536 14.0591804890006 14.0763913566069 14.1003379678946 14.1192054389189 14.1442468802308 14.1576865239534 14.1657575852167 14.1643870596498 14.168406201313 14.1695655953308 14.1705497552472 14.1671300180675 14.1546390654042 14.1408491172967 14.1379223060154 14.1255196340706 14.1136418062826 14.0956152769989 14.074852874425 14.0494602239206 14.0305801337372 14.016772334622 14.0213532302313 14.0418778150495 14.0818213286511 14.1135804716158 14.1321675208814 14.1701299245808 14.1400305828778 14.1593466445158 14.1646496503597 14.1825659346574 14.2798171288104 14.3352207115547 14.3528185464795 14.3751933035081 14.3752707071939 14.3745670082304 14.4112655352196 14.4887251957251 14.535556363382 14.6217460574878 14.6933557015039 14.7280561111784 14.623925890272 14.5851478867787 14.3945359720886 14.7219608435595 14.6721012464408 14.4642099595496
14.0318121288896 14.0505329030673 14.0676717798081 14.0833382887704 14.0956006850272 14.1116858890006 14.1192727666177 14.119213550057 14.1221910499672 14.122899435807 14.1178406770355 14.1190295512308 14.1080599668756 14.0959451787589 14.0839164375082 14.0936219395189 14.0920522991751 14.0826876639793 14.0754854792074 14.0654231400301 14.0472182447735 14.0380579780417 14.0399315856916 14.0525845132212 14.0782606291378 14.1179546881686 14.1558661056744 14.1750057324041 14.1677792875993 14.138949683132 14.1463820343901 14.2048315697439 14.2757751842549 14.3347564712925 14.3627966529143 14.369596113604 14.3709967392848 14.3429527688631 14.3538595210505 14.3990895826388 14.4673096624917 14.5485472811724 14.6361136225838 14.7001624080183 14.7688317242329 14.783989688769 14.6656066492928 14.5335223825211 14.9012589989949 14.9252311452798 14.7147314237385
14.0357560032528 14.0461073986411 14.0606245715303 14.071278460063 14.0805797842771 14.0845466484511 14.0862015977932 14.0659688828116 14.081149291178 14.0759995506742 14.065593890293 14.0626969615625 14.0476077673739 14.0414198282184 14.0494343045146 14.0668073082383 14.0651537025227 14.0633779875468 14.0584314860563 14.0565126906457 14.0561129648702 14.0431818373835 14.0505971855575 14.0861870698025 14.1218221232916 14.1585401085046 14.1915914434616 14.2141410533637 14.2082324359102 14.1676952272385 14.2595887038965 14.2944253451906 14.3368576907931 14.3581244961604 14.3616257976367 14.3608634098195 14.3589967111041 14.3373007084604 14.3364246524209 14.3595192457585 14.429263978354 14.5646226075188 14.6916446345985 14.8194648271652 14.9410476153069 14.9052094298123 14.6953447139176 14.8632665871777 15.1237657470013 15.0847857842815 14.7444984108754
14.0467930160613 14.0516507300579 14.0596198181824 14.0648645741477 14.0656226289926 14.063786460128 14.0491205197221 14.0465289734399 14.0365543265209 14.0245984156109 14.0073332924776 13.9997710249207 13.9854603576153 13.9947369069717 14.0130068751071 14.0271198535981 14.0295409525828 14.0356080222278 14.0470742500778 14.0592173683991 14.0703717392611 14.0818601829379 14.0903844780327 14.1231823671851 14.1618593356202 14.1967689416668 14.2270970339073 14.2335113526239 14.2182823551641 14.2388668336035 14.3100411146183 14.3424804557794 14.3623520737434 14.3710515611424 14.3739050536696 14.3678232860334 14.3566921808042 14.3294881490861 14.3220506544978 14.3201861564383 14.3881127267237 14.5803310439937 14.7586723628525 14.9351787729925 15.0949168334292 15.0586048217244 14.9773249412986 15.2187374573316 15.2958998557803 15.1391340876531 14.9096663284355
14.0429609107791 14.0486316541201 14.048252525546 14.0441188687252 14.0478019222341 14.0411481962037 14.0250266460704 14.0216225360003 14.0034811634032 13.9825492987064 13.960757848564 13.9387226493805 13.9339739055712 13.9520821004373 13.9680008877 13.9819842800979 13.9982713975289 14.0134401922999 14.0353452612097 14.0570025026453 14.080086904609 14.1180286263266 14.1463957423463 14.168984911377 14.2091058271091 14.2516267445089 14.2859013004529 14.2588495118198 14.297325249068 14.3484795260491 14.3682922161495 14.3735096699506 14.3868113970893 14.3905023843003 14.395604701025 14.3916197135517 14.3790308450049 14.3560900133048 14.337815642838 14.3129127443156 14.4067089292905 14.6219548677139 14.8370469393672 15.0095252000539 15.2206415545299 15.2956135173263 15.5461488207297 15.5099981989552 15.3723529687591 15.2433457589558 14.958006891606
14.04320824924 14.0462983218235 14.0375594677488 14.0125938078304 14.0131319087424 14.0192180868205 13.9849624382944 13.9870034451604 13.9700958353341 13.938094679678 13.9090406262723 13.8882572459272 13.887269390492 13.9062217483446 13.9333939524937 13.9579919086205 13.9824730804153 14.006777383532 14.0216339684101 14.0652110973688 14.096663484396 14.1403616939418 14.1772346638254 14.2118490358235 14.2537727080702 14.2962158644995 14.3244909684581 14.3138286575787 14.3637330821898 14.3939117512708 14.3935465276673 14.400587025253 14.4004160042861 14.4045567729074 14.4164762216806 14.4242502617654 14.4156403033274 14.4003890423754 14.4007970990014 14.421728445052 14.5380432965683 14.717200488246 14.920240140857 15.146936021309 15.3460918138337 15.4974542025659 15.5719056293684 15.4160671710185 15.3268654336553 15.1996186307083 14.9878829809309
14.0600906460831 14.055796379829 14.0465202067341 14.0162569677973 14.0193588185606 14.0228889896966 13.9886771588915 13.9698884045675 13.9407453565889 13.9003325075284 13.8609085054305 13.8318127521251 13.8339130495293 13.8654764366548 13.9018180992545 13.9387200756857 13.9636663039093 14.0051386760101 14.0385881143175 14.0798613844536 14.1241232122245 14.1677605536538 14.207531632012 14.2535215209948 14.3050124813433 14.324016635088 14.3836416738645 14.4091083983368 14.4288143998634 14.4216628159502 14.41729947147 14.4135640263598 14.4216462130073 14.4282491491092 14.4539843702327 14.4674278673644 14.4757825589596 14.4981661830018 14.5206483392021 14.5782559406401 14.6820617820911 14.8468869165691 15.0221929790186 15.1968546539823 15.3365932670476 15.2902238483216 15.5185632331567 15.3969838623345 15.2003186026288 15.0933742731149 14.9370356556507
14.0433030782027 14.0228985982683 14.0269873980382 14.042122275651 14.0430901049273 14.0233542965375 14.0015256506002 13.9658079576454 13.9292359134731 13.8802845850235 13.8320608202287 13.784464814923 13.8022919545281 13.8505460744856 13.8956185138492 13.9356385992148 13.9317809372918 13.9989990196733 14.058794585168 14.1173710670578 14.1606035460838 14.2003433208808 14.2428287843201 14.300082932595 14.3572476868533 14.4018690424731 14.4673067579423 14.4653101363818 14.4548048139102 14.450261063267 14.434524976591 14.433609934862 14.4513805427688 14.4650092155387 14.4970328113217 14.519071678622 14.541479099232 14.594012241179 14.6269646760759 14.6562237636063 14.7947058713675 14.9109138080499 15.0886832372435 15.1895726529821 15.1765237492596 15.5007645764361 15.5088571659511 15.3366182488278 15.1846652773797 14.7273474113747 14.7393188546765
14.0348527058956 14.0337522789527 14.0298917054192 14.0535719185351 14.0398344694789 14.0281448583517 14.0003569230394 13.9678186267615 13.9294489257609 13.8825148936478 13.8357453555032 13.8030966876784 13.8183241199077 13.8599064234019 13.9070822480351 13.9432414357358 13.9767795994841 14.0370890459386 14.0993197404209 14.1580163800538 14.203237900864 14.2435588977058 14.290498214999 14.3352563966132 14.3824844512808 14.4601979720823 14.4969416577527 14.4929749371767 14.4752878004816 14.4639673393032 14.4552883625324 14.4563786626598 14.47478078625 14.4987058915016 14.5351211962977 14.5657903701818 14.5901081549378 14.6736080201441 14.7390962025701 14.7636494271037 14.8743001432181 14.8967258493723 15.0928572077386 15.1773729749651 15.1004549703476 15.3781925063698 15.4931243079448 15.4189491782369 15.0452779089318 14.4846194325297 14.3509995189034
14.0654095175525 14.0970317466595 14.0816341259686 14.0724775203651 14.0572167830047 14.0343216377063 14.0100113617034 13.9801036865031 13.9433338422593 13.9062290061211 13.8756957796419 13.8608355556951 13.8661140033998 13.8969252627864 13.9308223187273 13.9486291022363 13.9986537608354 14.0637703998126 14.1311241783259 14.1929090422076 14.2389397343174 14.2836584962442 14.3235820214177 14.3702553014282 14.4357740912098 14.4737598504218 14.4926667733826 14.4926534746277 14.4798582142985 14.4737097110979 14.4722718943747 14.4742053082506 14.4925718519183 14.5243592132552 14.5643311871453 14.6193072186572 14.6883293214259 14.7623471335238 14.8394194190769 14.8808856983076 14.9082257971496 14.8565127707034 15.100220975161 15.1576724184311 15.0156291037336 15.107724657067 15.3444257310682 15.4827222195991 15.320133686845 14.8423592842984 14.9025061552684
14.1134268920281 14.1165656457725 14.1064384930042 14.0957634192119 14.0766286108672 14.0536050675808 14.0278989358721 14.001411715321 13.971988368442 13.9440105750943 13.9245710320593 13.9157234250315 13.9259660262663 13.9457588152316 13.9596609631876 13.9725394114518 14.0260674400804 14.0953255464376 14.1629289895322 14.2262806345143 14.27815935708 14.3210076840478 14.3503305508755 14.4153127953765 14.454031857656 14.4582526143968 14.4840534422755 14.491155551828 14.4867974104122 14.481760582274 14.4794650095722 14.4841487342483 14.5095484330881 14.5614615202599 14.6164147501377 14.7045178073778 14.7928215985576 14.8663516499451 14.9560480918311 14.9939957970438 14.931675319339 14.9049040211708 15.0579192519647 14.971139782998 15.062585765436 14.795486437263 14.7936984465737 15.0475307127104 15.4703460571428 14.8879314965617 15.1149488780184
14.130429301018 14.1275111929173 14.1253808111003 14.1224770982298 14.0990468035748 14.082486193263 14.0635688913018 14.0384663447933 14.0175243815242 13.9936467710107 13.9780977231218 13.9714935856662 13.9821695835247 13.997636342198 14.0082999845194 14.0262655456634 14.0577381919171 14.1366512455854 14.2028528717292 14.2681821762987 14.3208760355147 14.3476424723978 14.3490084423002 14.4465149840843 14.4630316569463 14.48078392361 14.4929782596328 14.4978028308895 14.4899731675842 14.4838094907892 14.483451051511 14.4905579270179 14.5120232165321 14.5622090038196 14.6482407086348 14.7743600938015 14.9123929489541 15.0336540350732 15.0692629693719 15.1619081990483 15.0540940765649 14.9321989517505 15.018993389538 14.8620141156581 14.8464088862289 14.8272285926387 14.3821976133158 14.9745957851252 15.4837116103946 14.7405144425676 15.1731152958175
14.145955605413 14.1457786061781 14.1502665062212 14.1504363861066 14.1317052482955 14.1221592873114 14.1005464428248 14.0873922394793 14.066730415467 14.0473496852349 14.038846918086 14.0371497187099 14.0543971472728 14.0644505843667 14.0675336818754 14.1007805273317 14.1291122857212 14.2029557117612 14.259888914121 14.3161985047914 14.3694991851657 14.3727446967278 14.4004836355919 14.4767666670914 14.4830163335138 14.4948447942127 14.5059165455156 14.5102022889614 14.498633972256 14.4913209393845 14.485266560289 14.4966791342914 14.5247422342078 14.5591389712237 14.6639565127503 14.8162029296764 14.9909827617795 15.1825271247691 15.2382436112195 15.3101665553585 15.3432691840629 14.9606089452461 14.8016446548894 14.7773568977925 14.4694555791823 14.696551208796 14.6775261971676 15.0672050617163 15.3821748863901 15.3078329790217 15.1350159135449
14.1612351187568 14.1651718834975 14.1734835839449 14.1810674864321 14.1681054367553 14.1506133365341 14.1449424223983 14.1259290528266 14.110845724853 14.0983059828786 14.0947590814174 14.0845522486207 14.1257784043409 14.1279877057777 14.1571004280367 14.1849582193896 14.231372978653 14.2846231359332 14.3328829399702 14.3788718106108 14.4138786998336 14.4305306924411 14.4809293142249 14.499632453606 14.5015551436053 14.5109209088465 14.5155998635393 14.5173927057672 14.5110519665167 14.503991043642 14.495195467575 14.5018823037813 14.525252205241 14.5581486782147 14.6654053954893 14.8593186997951 15.0905714243112 15.3012147127067 15.3947030239861 15.380304146653 15.5420106937673 15.4590048091294 15.0193102484681 14.7688014986506 14.4981056973221 14.3489958450496 14.9115140462444 14.8545483179496 14.9993881623033 14.7464660686937 13.8718172791566
