Climate_data/Aus_bio15_Equal_10km.asc
NCOLS 560 
NROWS 490 
XLLCORNER -2904860 
YLLCORNER -5334205 
CELLSIZE 10000 
NODATA_value -9999 
[rows 242 to 263 of 490, columns 255 to 305 of 560]
58.1686184925135 58.4493658880581 59.0949950099723 59.1472028693225 57.964289085386 57.4472314903017 57.75792956845 58.5085379836339 58.0675818916312 56.7683019924058 55.5855388690595 53.8637736117499 51.9624946888605 50.1248121072148 51.1979760834856 53.1758482182914 54.2366166089129 52.9602632592883 52.6304368883988 51.8320572308808 51.1503578630907 51.069820780537 51.272711627119 51.5032769241685 51.5531886147359 53.004487050935 54.0139617673042 54.7878067069013 56.1081813876278 56.954137579674 57.764153034904 59.4209594345746 61.0830742407545 62.574565002403 63.2236368023198 63.4122278431696 63.3007989757943 62.9665201820223 62.8959188085686 63.2381892510948 63.3445599108596 63.6479189965851 62.7423229712916 60.6607247916981 57.4474729261031 54.7412816604024 54.673718595696 55.0433525036821 54.8967410690547 55.3229221323377 57.3285896445459
57.6569985814741 58.4244854347011 59.2594516152217 58.9268440779766 58.537961482859 58.2174508346287 57.4671145490207 58.0965486588305 57.6205724508714 56.3974492376524 55.3120962658376 54.2259099894738 53.7856336369479 52.7816683101523 52.9414065836276 52.6640388750086 52.734738095373 52.4553413109283 51.9568899862562 51.0796369436138 50.1720153013058 50.0102036061816 50.5172792157571 50.9390120588959 51.2408774815626 52.0730444084398 52.9577666477382 53.969252362896 55.0702323286944 56.0772164395189 56.238664042274 58.0772590663108 59.9630432849496 61.6752840559351 62.6376083426458 62.8605024854059 62.8293605594954 62.7349829275094 62.4537832539663 63.5421855553206 63.264016795008 62.1266700906176 60.7127832381512 59.9711167689024 57.5772667695738 55.2361475835266 54.9932671125603 55.0747868670519 54.7680950207652 55.7676364768474 56.5533389984305
55.3956740403041 57.7868511859995 58.708274674934 58.2043920041849 58.5899525986931 58.2130204364119 57.3805840076999 57.5301241822506 56.9421360422285 55.8304481179953 54.2955627376482 53.0704453030906 53.0503213597314 52.0535535076905 51.7878959414731 51.5961395744285 51.2094341340408 50.8938556662495 50.5437273403744 49.9693754456504 49.244046888531 49.2278295295906 49.460772368616 49.717104320137 50.2320951330323 50.9944190257987 51.4524923293633 52.2237127301737 53.7284566943882 55.075732899721 55.6392606148523 57.726086545734 59.5200288387032 61.0459191213228 61.654171662908 62.0987625354645 62.5455825827565 62.5330156126756 62.8507702776562 62.6785608241343 63.0888739725969 61.378828446346 60.7409669728838 59.6235364981462 58.5279193292349 58.1841227419505 57.6735515418994 55.5846462450066 54.8647197494896 54.002111336846 55.8457446178388
56.0269386500767 57.2288777556617 58.1573594645888 58.1340409012084 57.8677831035288 57.9042286058166 57.0938221395716 56.5059400499439 55.8414236327413 54.699098098635 53.2989948171609 52.6181954673874 52.0775543264285 50.9816052411111 50.1489843140239 49.7274708864038 49.2124582843235 49.1776619510424 49.0553467328372 48.8236331088325 48.0390407988567 47.9279013739956 48.1010293272674 48.5422791375292 49.0821566558735 49.3603478956732 49.7499580754824 50.9793241162491 52.3785594081713 53.9197070315062 54.9748746344073 56.8012677368894 58.3320672127646 59.8620450721296 60.8691211599505 61.5389384401641 62.0519090997133 62.3710879525473 62.7059490276821 62.9872559161839 62.4372703102248 60.7092926421292 61.5951472713427 61.7089163683287 61.5870061798956 61.6903149342535 61.5942000615938 58.1437872859263 55.5828237017532 54.2820301942731 54.5324828598412
56.0844242323791 56.5058404750574 57.2915074969427 57.5049290587676 57.5829020969068 57.2402136185966 56.7040573282741 55.8771088667725 54.9866828729524 54.0655194592175 52.8150856662172 52.0826908681791 51.195021616985 50.1322419672396 48.8437698068569 47.6921352737544 47.3468936013065 47.5930004936919 47.6025836880168 47.0876374088382 46.800414687162 46.9172873386126 46.7760293788192 47.2114347829712 47.4175137080539 47.6616499002894 47.824792246923 48.77774186361 50.5837778280676 52.1718426333482 53.948523993039 55.5333904327098 56.8874778848985 58.160892971429 59.4179456635268 60.3685450698218 61.061355759321 61.5723813142447 61.878802044501 62.4025407609602 62.359404795647 62.2687674498913 62.68242076426 62.6714784907284 63.0044920907509 64.0295717270824 63.0930278209986 58.5376981554563 55.3685457726273 54.4086141655158 54.344804831598
56.3977552533564 55.9444965652326 56.5168968910006 56.8844783073701 56.8279478443241 56.4888318745866 55.8362754927799 55.0494658189581 54.2418073240689 53.2530931792132 52.0952677911289 51.0624855384668 50.3762422213926 49.361413636422 48.2668629244166 47.1128705206922 46.5317836099903 46.5740675005852 46.3666414353356 45.8455913205751 46.0046429497267 46.4094204558538 46.4908107067369 46.3366485400799 45.9663010702656 46.1256543792132 46.8654749238075 47.8890368178273 48.8155452425499 49.9265952683244 51.5284597216229 53.7988662555973 55.5574126085588 56.9177143257373 58.1116142827562 59.0853317166808 59.8163446711432 60.344388308871 60.7709581889611 61.1668660039129 61.6403530885518 61.6509367127106 61.9372336285268 61.8928740590213 62.2498160475875 62.5320106704095 61.0380785991851 56.9838598427484 52.8585622488745 53.5675223128258 54.1843952484983
56.0954907225106 56.1094225236599 55.736865091044 56.1736883790365 56.1391414171618 55.6607053724333 54.2318153868273 53.6763373736651 52.8966154069878 52.5034441421447 50.9122276985026 49.892540105251 49.0375274929742 48.5160810640858 47.5155447522908 46.7170001856241 46.2612460392779 45.9247419128983 45.4387516449479 44.7352610178438 44.6899025141866 45.2570301561026 45.7383453877334 45.8770405986237 45.0835531215881 45.1179802632574 45.4246815667512 45.7758768070058 46.6046269161967 48.2589881292031 49.6255788137401 52.231452061355 54.0196490055672 55.3833571180342 56.8810209275985 57.7157021322792 58.3918253325736 59.1361599494249 59.8306736162594 60.3967204555715 60.6751273654032 61.1728969095688 61.2566381025018 61.279652016114 61.2856474269834 60.9231058355103 59.3160760394446 55.2855275009036 51.9211675354199 53.2602945359315 54.8099902989391
55.630113400824 55.7005656378706 55.3117626907222 55.1128741987203 55.3134794383431 54.9735710651168 53.8744162012682 52.964329409372 51.9479455217866 51.9488476061451 50.2928779374019 49.5389306638041 48.5776852074203 47.8856101152402 47.1360692602652 46.5694743012299 45.9763000278137 45.3229660496127 44.6112607668024 44.1245015137437 42.8589823581469 43.4479448163193 44.2388854145885 44.9345340749067 45.260314764877 44.8445575589101 44.9366868560867 44.4345531982359 45.2102995843669 47.4496033230075 48.8359090838418 50.0641507609126 51.8128869832373 53.7881337014344 53.9013844335663 55.3489607165054 56.02269926721 56.815670369184 58.2052058703321 59.5095358010243 59.9438403718445 60.3965921716538 60.5536826364873 60.5483074137489 60.438732545503 59.7204500629009 58.0869359777629 55.30577917187 53.397714713609 54.6105385101761 56.2675854480252
55.2427638729801 54.763542470548 54.0359745581502 53.6892686156013 53.8287159057287 54.1721207315454 53.7280584236173 52.5204791813981 52.0830288795811 51.3902501544584 49.6965293234384 48.7823883901655 48.6197690399572 47.749693565324 46.8345749756527 46.3118919071148 45.561873852076 44.3293922661077 43.1008466596332 43.7469172597748 43.7860301117911 43.1549704507992 43.5702515129441 44.3382576438841 44.6411955016001 44.3802233763177 44.4896834214616 45.3462727979295 45.7525975209764 46.1594559206779 47.6191528350618 49.0882851840712 50.9544847331672 52.0793475438982 52.3943387425731 52.9606528486491 53.7448359385649 55.3510527922543 56.9953744553771 58.6483950602043 59.2338537443741 59.5010434845276 59.777634113768 59.7689003430071 59.4472465265313 58.8283606170209 57.4993711327081 55.9153952482636 55.0746689303247 56.1395162294808 58.0608350921629
54.6125260635137 53.6733729285598 52.8167489009687 52.8615816553588 52.6320494529503 52.7610646653496 52.8527575067928 52.2313752084938 51.7482764043863 50.4751290571309 49.1356149350019 48.637726738998 48.1828301282665 46.6591982164063 46.4173748074487 45.932524034787 45.2959278365812 44.8185933669821 44.592008371457 44.0077834880879 44.1275059299052 44.1080172748294 44.1481316133792 44.0313304075575 44.3781304967624 44.5195275848159 44.5782843760536 45.0045094822188 45.6603120074527 45.8534331144838 48.3307454151709 50.5892435048973 51.8611350720256 52.0411959000834 51.573511063471 53.2068002708466 53.9563623358828 54.6946541697825 56.005034648975 55.781388049455 56.4738436112273 57.6800097817908 58.1912768361612 58.7614661321078 58.4670285048756 57.90353386253 56.8906648178123 56.9747033364825 56.415325772526 57.4867827523252 60.2269970912619
53.6617706373275 52.157923781371 52.1618806611358 51.9613933508764 52.0962991893546 52.444413103888 52.1664403996579 51.7199461688651 51.1567811891031 50.0643668326123 48.3949518833369 47.8098326629378 47.5555282324472 46.6924223719654 46.1104723470508 45.6858025041264 45.2114031157738 45.1268878794279 44.9935684614513 44.6160135831135 44.4276892322478 44.3674415095084 44.2123740572369 43.658878892508 44.0576097693638 44.284420065987 44.131814413896 44.3671051978527 45.0836938091522 46.5394394822822 48.3445809403885 52.3204789325697 52.9597471508388 52.9638658507546 51.847806408991 51.5751354509384 51.9838331820466 52.8544636971134 53.2216237026978 54.2457092176824 55.7475602719964 55.400304137699 56.383025701465 57.295234702847 57.7181639597687 57.8502845850169 57.7796406156322 57.8666666326448 56.9164842176401 58.53751176407 61.2327682939461
52.6310164128613 51.2429490018021 51.6385709316015 51.4134871854391 51.2914367068725 51.6304592976596 51.4364248771424 51.0048191979358 50.4994920945753 49.4929919931334 47.865251399544 46.703666259154 46.4271844803537 46.4075854071649 45.9015460704426 45.2899165159896 44.943975584124 44.5302946576929 44.4921200387119 44.4789219559092 44.4636080143038 44.3968636103182 44.1153936860064 43.2865531970117 43.3683188364907 44.1004584693005 44.0260238424664 44.7390885082613 45.0404873465774 46.5422086892475 49.4164773951234 51.8627899165631 52.5154255416925 52.4308512268271 51.424744596234 50.7996314698423 51.2923151217316 51.1640838381043 52.3720521331516 53.365249821589 53.3553899753604 53.9404072025666 55.1870140794847 55.9001504213841 56.5666410335964 57.1352629299655 57.5986052751173 58.2916636792049 58.5225238186163 58.9538785482161 60.0276646895424
50.9865933026876 50.5661714583219 51.1371988054152 51.2625421145231 51.1545470453295 50.5688335553736 50.6277159402806 50.1821265314935 49.7262659029486 48.4829587253401 47.686564203758 46.5264256672095 45.8417034452588 45.531445136144 44.9848157137578 44.3534704702678 44.132588612414 43.3674191075885 43.8479276896444 44.0877632600534 44.0878362675113 44.0900198564305 44.048084032276 43.5153768357136 43.5479186355319 44.0913114713499 44.1002723826476 44.680898713964 45.4927325101377 47.3521574472076 49.2067929058145 50.8895042935812 51.6877106893115 51.6150461574429 50.5399968328316 50.3260762098718 50.2962750926794 51.1110587648446 50.9234389740422 51.4657900730919 51.7311869936217 52.6438554935652 53.9705712760122 54.5435514248369 55.4387155993331 56.4408064650914 57.3511309818576 58.4785489837602 59.9261211438393 60.3716146375841 58.962694009803
50.6459745614158 49.8624737325325 50.3373662161224 50.696966601191 50.7401415617912 50.1705735080442 49.6841002280264 49.4457857174393 49.0142283967651 48.3112979012986 47.5527030993799 46.3311265785869 45.1926672596433 43.7954383796869 43.6761496547695 44.2739347656733 43.6055567891172 43.5232474645551 43.3920379461714 43.5468634581164 43.5992195607739 43.4858747054692 43.6550212948564 43.749966680578 43.9253339414099 43.8576129746206 44.0938383081008 44.6018839472116 45.3358160082497 46.4468496109583 48.7254294673016 50.0769259808007 50.7130912813076 50.381401047352 49.7564049128647 49.8712060261133 49.7650850333115 50.4199419276887 50.1966099857356 51.1316094838364 51.5372368845405 52.1881724940888 52.7809676672192 53.4749005175311 54.5278378428597 56.0409575147655 56.8093042243712 57.1413008024007 58.9456357852461 61.2810630833552 59.8730633462622
50.0555944698982 49.8921732341803 49.5019984425612 50.3633339605695 50.0955361470358 49.8003487895511 48.9234780888124 48.6900371041555 48.3087960966307 47.824703789967 47.0577218397442 46.2350678426688 44.8929457221986 43.5801048941853 43.7997711825392 44.012660411233 44.0510376999684 43.3645460597561 43.4976602212573 43.1321136427981 43.1998290816818 43.0594024948273 43.1562043616047 43.177754493973 42.9496631038803 43.3318604424414 43.7914751349785 44.5076463141122 45.3731916977033 46.6585005101598 48.3552690970807 49.361065610779 49.8751384750006 49.2915394159942 48.9620346639536 49.353809999265 49.1979797896268 49.5286351507984 50.548394782889 50.041453045957 50.4275428683275 51.2760441886545 51.6056831903419 52.3895340370261 53.7680306400945 55.9485206776142 56.318244802694 57.3553667476783 58.4837437017809 59.4171426236934 57.9161037254885
50.0907057001784 49.8743560076178 49.8977455525876 49.8014330998925 49.697286931312 49.1655487352527 48.4663455103101 47.7821129165256 47.3446807127136 46.5726698162614 45.7330311679241 44.8853272629529 43.3982394278431 43.1517482735385 42.9666442416858 42.5681389157987 42.5967449619259 42.1627384707252 42.4643696612683 42.4251528454284 42.5162142956208 42.5936899142377 42.74542915496 42.6437866407857 41.9980008480889 42.981859886654 43.8832684227109 44.3207624398482 45.0454120146895 46.4900309814317 47.7211754979649 48.6366306418168 49.0793769227635 48.9497691856049 47.9268362504833 47.7632969613712 48.9255064208316 49.3532929246435 49.9897743335154 50.6555315524722 51.1266253609587 51.252356970446 50.6742944102608 50.6390577959597 52.2747483395018 55.6045233600152 57.1583193427641 58.3327487896708 58.9115474825462 58.0449079793763 56.5046067214035
50.2797709439332 49.187185964828 48.9200906469142 49.2191461377852 48.8094369513649 48.2155937993876 47.2041978184537 46.5355080191364 45.8744816053395 45.0773196718631 44.2841395098088 43.1980295969751 42.7178994984734 43.482521496566 43.1694158567816 42.415985006785 42.2232587097601 42.5231970460855 42.3882585184346 41.2267166218813 41.4171214733832 41.9979749983508 42.3898874674871 42.2951809661564 42.2257868176275 42.8110798899332 43.6195627132435 44.0187153894966 44.7500870896193 45.7566074086394 46.7661731903126 47.8011819129144 48.3502918582691 48.3601738256153 48.0108000220502 47.1597507743174 47.5757820203933 48.155710625501 48.5579009042502 48.4839927332107 48.9986040303546 50.2266154277689 50.51365099643 50.0017020318597 51.3635403441849 54.7290755870086 56.3280280050807 57.254386269265 57.5822334952409 57.1971790317278 56.0495450320303
48.4322036956645 47.3031837687001 46.5595742551767 47.1776419783267 47.7187212184268 47.5643112381013 46.5329564752811 44.9466666709453 44.9745327215589 45.2708474085924 44.3860430201815 43.3489065840825 42.761840198905 42.1466539825057 42.9394812598646 42.7880515885764 41.3923288001872 41.5597772990569 42.1087529749356 41.6314808084358 41.4732571579556 41.3352477707049 41.9518771801952 41.8930310467726 41.6379244809665 42.6155307347631 43.1056636185992 43.6230775708156 44.1894680925658 44.7916578846908 45.699555265745 46.8462574683395 47.6521951437998 47.7875461908284 47.4126719373245 46.5713669227819 47.0264267478438 47.6863518556276 47.908559171826 47.4341007471495 47.8756862289021 49.1092695028178 50.2536250589422 50.4686582210614 52.2621930937436 54.5775092685391 55.7421858219137 56.142897891695 55.9636834446665 55.5778953948277 54.5100323871049
48.409373433266 46.3853934408872 44.8776932819861 45.6003436842388 46.1069061516102 46.5029217848725 46.1240616081933 45.3625049059438 45.151697735615 45.2386409074183 44.1579063171421 43.3587915528403 42.0390661598973 41.801459708051 42.5345459023521 41.934539990916 40.5548023033561 40.5643540688265 40.7499511838776 41.2205130386652 41.3279789027846 41.5105455075265 41.3709602446215 41.4068653810154 41.0317495140197 41.4379995155548 42.3803641424681 43.1489853769112 43.6624567368572 44.164836786795 44.7791283380333 45.950714172407 47.035645611759 47.0826267230612 46.5726569720792 46.3378960671391 46.3361802906833 46.9000666384439 47.4104782003127 48.4921469412302 48.4176550357798 48.2548125190637 49.770627506241 52.2524149888301 54.2674673675057 55.9330284702522 56.4010243135442 56.3921505785455 55.5114208865017 54.5712956227645 53.18480403693
48.1566468916577 46.7701736995845 44.8264048098826 44.9068868759734 45.5265617071514 45.2782492351445 45.2012997037848 45.0525428666036 44.8777727817922 44.0518748943997 42.8865389237556 43.4346175607509 41.5210011771129 41.846195454608 42.291578097075 40.8884846551575 39.9499782233977 40.5295803684355 39.7634851237912 40.2140425661098 40.7505444504102 40.8179888678043 40.8028169659543 40.3729027039479 40.9052112095105 41.5377856864221 41.8130219418811 42.2924824433717 43.2403101293184 43.6077051620143 44.5458732581624 45.8519499098287 46.368443278735 46.3905840375324 46.3028231328896 46.2037856379838 45.6990673832155 45.6015169864228 46.6309910596929 48.2943791715687 49.1596957114861 48.7980737669482 49.8699006151253 52.1047266015413 55.3447244895645 57.1151560179304 57.2569830459507 56.3496046747518 55.3593600219839 54.2624950869637 52.9213415501126
47.3129893626691 46.1626724278533 44.6342747211816 43.1142442814869 43.8910522141802 44.2393363026077 44.2861851518654 44.1804471911079 44.043161814455 42.7266269463825 42.1549436070476 42.4041119342043 41.0259258483044 40.8933927289147 41.8211132454888 40.3707523024688 39.6296422709962 40.2929625046385 39.0642019192606 39.0306505882455 39.6033152328126 40.1858905862745 39.8246766222429 39.805395274286 40.3035815635427 41.6461531537222 41.9161460176815 41.5985773496839 42.4561656661348 42.837880670718 44.3118098631242 45.0407663884918 44.9044231116749 45.3547376916873 45.5907018224194 45.4800337177353 45.5316972905402 45.4010165633709 46.6842677547748 48.3962231965798 50.0133605728203 50.6084026736883 50.4834280677051 52.3529727699401 55.899430441398 57.8502179054385 57.513849540436 56.6553878603084 55.2463946639192 53.6326600093591 51.8122017084778
45.7473930510633 45.1520443632006 43.9899789690949 42.9673626623645 42.3895874494352 42.9333172869202 43.0633629020897 42.780212273475 42.8974927972716 42.7510037127924 42.297686609289 41.6214951062331 40.3026973643119 40.6757218142783 40.7147057229654 39.2574017823635 38.7777754912946 39.5859609522284 38.6089090525705 39.1686009330434 38.8210244892223 39.5280062416266 39.5154517550637 39.5411661340294 40.0844237288171 40.3686448076807 40.2733767096595 41.1349834514107 41.9091785419965 42.6893772333638 43.784545433919 44.0371929896126 44.0544800581277 44.3378057048015 44.8125432096366 44.6714905181176 44.8783319357455 45.1404524080012 46.2533254731064 47.2125706564622 49.8946594499672 51.5066268582836 52.4505745335006 53.7820118541593 56.6947260268128 58.0965739721225 57.2096357051765 56.0494002229967 54.1672865421711 52.488129130073 51.194728963902
