Climate_data/Aus_bio1_Equal_10km.asc
NCOLS 560 
NROWS 490 
XLLCORNER -2904860 
YLLCORNER -5334205 
CELLSIZE 10000 
NODATA_value -9999 
[rows 242 to 263 of 490, columns 153 to 203 of 560]
22.5373598594578 22.4468459139535 22.4208143467539 22.3694334950285 22.441142448628 22.5481090677119 22.5512298361444 22.5676248433613 22.5502338403761 22.5619181768298 22.4600612244698 22.4347729622924 22.4705055380687 22.4984847986418 22.5516887932124 22.5815076471002 22.7274890811307 22.8095362535354 22.8061707580879 22.7714653346943 22.8588689146722 22.843002892501 22.8337289893205 22.7697125728081 22.6314799855122 22.5339194437924 22.5792470578611 22.5229519452164 22.6001884484189 22.7187800175738 22.6477175620245 22.5306806743052 22.5143536317754 22.4576415026996 22.4614267233731 22.4077801731033 22.555020528369 22.6062555375013 22.4845445867355 22.3879632859902 22.5563662176938 22.6106735910263 22.6237129419009 22.7997141266745 22.6717402729414 22.6912307504892 22.6929639562468 22.8175106217954 22.8093838421844 22.7221903792406 22.633443211114
22.4254533068247 22.3574975817773 22.2640914789054 22.2123615576468 22.3269838537075 22.4440563411322 22.4525449616141 22.48382050036 22.5069817484245 22.45546262028 22.3499677766027 22.4202624820865 22.4805900549176 22.4461812544907 22.3761913462394 22.3954236619147 22.6338995453998 22.7168956671803 22.758536466414 22.7804342266872 22.8138652835739 22.8189991399916 22.7817212852973 22.7572251821098 22.7105845932074 22.6152050778063 22.6115167334808 22.6121650628264 22.5543702210863 22.601820234867 22.5922181069259 22.5423266569139 22.4204611644455 22.4021818976165 22.4005224648739 22.3663088396307 22.4831157769882 22.5315490994542 22.482504783684 22.4380867680414 22.4938029141915 22.5602522223554 22.5140370004166 22.6953191256458 22.751722672566 22.7527609206488 22.7545752290433 22.6801199203431 22.5262807619491 22.4417434327966 22.4250235087213
22.3129312241983 22.1987690513401 22.0623366465066 22.1162774809519 22.2705401285651 22.2336403484338 22.2638101121181 22.3776852751696 22.4058028528439 22.4410941998412 22.4163179400285 22.359477499544 22.3895220888889 22.4745899262252 22.4231216465564 22.4106304202938 22.4982447498355 22.5910777419169 22.7131049930495 22.7431662080382 22.7658458001053 22.7543028914473 22.720611838562 22.6868263111697 22.6648672505062 22.6393156866646 22.6105778718286 22.6097284554821 22.5772204943619 22.5012842033711 22.4994073410635 22.4992069054663 22.3630512708091 22.370001890304 22.2593354373388 22.2946155322066 22.4040184337446 22.399417647259 22.4970871075542 22.3813001965282 22.4661697505928 22.5328646415324 22.4942643252908 22.6783808914075 22.5824729184028 22.5259019907198 22.5045716535398 22.4174679753334 22.3668737573207 22.4126304786287 22.3461803456855
22.2376807736828 22.1176271610728 21.9683626377187 22.0419105888003 22.1100460930431 22.1231586223244 22.2404002432703 22.3212350113821 22.299558124905 22.2838672494169 22.3015249420713 22.3935065118755 22.346342997367 22.4062294800425 22.4589014028388 22.3986937317975 22.3191506160784 22.4080573341261 22.5051385234515 22.6273422297624 22.6726371353372 22.6559870553523 22.6336590562256 22.6330345480184 22.6141232459239 22.5927087562128 22.5640294926452 22.5255345540764 22.5263269768762 22.4974142760518 22.4292728453028 22.3864432316527 22.3398905334972 22.3022310475452 22.2238948590282 22.2483504955206 22.2421253314841 22.2748161348448 22.4526936985997 22.3456094604361 22.4223787989372 22.525200887858 22.5426780222969 22.591583092108 22.4646015065954 22.3480657798116 22.3338914644703 22.2596315617189 22.2596637352043 22.3134319913674 22.3039110162064
22.1241296245431 22.1123230443463 22.0187726298593 21.8814874104521 21.9759797626078 22.0807412044525 22.1583719684029 22.2685863403159 22.2571706031049 22.1809010701408 22.2361975715031 22.2638744382588 22.3652048906241 22.36033542411 22.3934800429548 22.3521276735088 22.3181516038589 22.4011400819328 22.483589634781 22.532167031845 22.5494269796762 22.4579752388598 22.5494824553514 22.5579874028244 22.5263556195075 22.4895743839892 22.4386632139944 22.3151851982281 22.4446048165166 22.4279668661039 22.3742631144234 22.2320001121384 22.1970986531402 22.1834673573633 22.0464509258418 22.084539188792 22.2418781132828 22.2124353853791 22.3459799525906 22.3721768479785 22.2929914891164 22.4991736400285 22.4801441122369 22.4643309753195 22.2735901283914 22.1765681585129 22.2033564905259 22.16769297021 22.1603337800091 22.2110587569177 22.2340922592708
21.9721358695654 21.9731470156624 21.8949777267535 21.8979009554883 21.9784693538863 22.0657927203276 22.151970756565 22.1964306323675 22.2364814529802 22.1918999831392 22.1741080456961 22.1674667535878 22.2660466956133 22.3072469820616 22.3439293714433 22.2865433793231 22.2097541820396 22.216471055594 22.3164679447138 22.4554053301456 22.4841915945206 22.4262733381018 22.410033902003 22.3536013849065 22.3024811811735 22.2548102474151 22.24608442969 22.1902784583104 22.3137650771988 22.3606528772106 22.3180563137728 22.2011610216997 22.0746794155399 22.1093865236352 21.9729455066409 22.1328524576026 22.2602497498217 22.319313319511 22.3517418344532 22.365868173836 22.2983639924195 22.4115560811732 22.2952462482187 22.2761820966586 22.1603258573365 22.1019468391889 22.1113561742825 22.0874926917571 22.0996941099249 22.0907978676877 22.1742727986934
21.794285668239 21.9022652043987 22.0282285075499 21.9858407930671 21.8908329232939 22.0514891815692 22.1252029627448 22.0897477256842 22.0654073659243 22.0481009981609 22.0016842222511 22.0670414759934 22.0866917394788 22.1247614043389 22.214639321826 22.2834240759279 22.2341502996359 22.265911351786 22.2381154497691 22.3140617526821 22.2846622907485 22.1826614555533 22.2962965298679 22.2165209220519 22.0540436241542 22.0574983778771 22.0873591517522 22.128546429731 22.164424794402 22.2259276458374 22.2549763549083 22.2114421754859 22.0200460986178 22.0263550129636 22.0102343934713 22.0526612540834 22.159144766162 22.1849635599443 22.1583167921159 22.2768255451608 22.2342048631513 22.3114501673084 22.1302630548058 22.1338559699881 22.0640712386543 21.9972573772871 22.0081533316335 21.9992591544833 21.9813692564457 21.9825585383261 22.0225727458379
21.8580533464336 21.7797258046136 21.9919874916359 22.074250073024 21.9595625500047 21.9507456853885 21.9444812298424 21.8764273298935 21.894978730027 21.9974536498355 22.0268312534565 21.9814372806095 21.9623442178863 22.0357912929382 22.2033945006581 22.2179907579066 22.2274231536859 22.2391538649175 22.254353438901 22.2334507066099 22.2085684197928 22.1683975839065 22.1472631982625 22.0247946788678 21.9123509330499 21.9718609098759 21.94128316447 21.978841429382 22.0224169464349 22.0831318966488 22.1342714502043 22.1179515658382 22.000905649177 21.9629767951537 21.980393298398 21.9749968675984 21.970824385954 21.9978356395708 21.9114258062935 21.947651808037 21.9520779512218 22.2147286536084 22.0722523810332 22.1051230436287 21.9444444849648 21.8821061443672 21.8912220135247 21.8971219083244 21.8510530743673 21.8837856962204 21.874175213878
21.9785020271209 21.8871530459168 22.0050822958623 22.0697757052166 21.9236997565717 21.8393873523787 21.9199648263347 21.8652858536746 21.9044596035509 21.9802457133214 22.0142577004928 22.0687955888734 22.0772005554056 22.1034816652554 22.1332015368835 22.0708551658437 22.0200935682665 22.0782958717547 22.0353181001148 22.0166891431937 22.0523119518904 21.9710140075472 21.9009008471451 21.797937490559 21.7472421479582 21.9080251880293 21.9801078108631 22.0798598339206 22.1283974632676 22.1194174814773 22.0863142017815 22.0821844136622 22.0606169820349 21.9424690473234 21.7952248263826 21.7716658862008 21.7829147253764 21.8219333503672 21.7760975338892 21.8332739003377 21.8950089780332 21.9919572197663 22.0775899528998 22.0805319110066 21.8758645934266 21.7581120268434 21.7828300611121 21.8016566844353 21.7736760901175 21.7990809095697 21.7613293901753
21.9971609726991 21.9242741179034 22.0343279583959 22.0664083411281 21.9086137432406 21.8124740233362 21.9063421997537 21.928212235143 21.8706598803027 21.9427695909371 21.9766289720478 22.0523911369093 22.0761733696112 22.0816049672603 22.0017739815973 21.8644504562757 21.7985897043582 21.88056310576 21.7799971043513 21.8697024985118 21.8486024937121 21.7413738947437 21.7362778624521 21.7287503957789 21.8065339745618 21.8843483715226 21.9675262611037 22.0160760224 22.0101292020187 21.9379787967177 21.8061708002455 21.8616440963119 21.9340168277267 21.9194820986525 21.7205274185395 21.7184104328764 21.7442416117792 21.5660790581367 21.5843684582769 21.6945095541007 21.7749625468547 21.9180123407162 21.9862762608825 21.9825340323288 21.772481491988 21.703142905214 21.6989011740997 21.7216156351837 21.7291756745571 21.7453327653772 21.7045342652668
21.9377766954497 22.0298052656218 22.0607692864706 22.0481764785047 21.9430915480336 21.797434943801 21.8274242825803 21.911019330762 21.9490550928183 21.9591222439366 21.9761848264506 21.9799760073264 22.0082094582074 21.9876739135549 21.8687793790495 21.752371562547 21.6955907994095 21.7525708826297 21.7631459489738 21.7870428811771 21.6953045144016 21.7209927443621 21.7137994909627 21.7157799987514 21.8049614708859 21.8580593895221 21.9070419838153 21.789656232465 21.7508632050384 21.710942766277 21.5980333268815 21.6938144158471 21.7979947874837 21.868198786661 21.8138943324004 21.6953087029225 21.6593829505793 21.5306265971411 21.4521004915356 21.6225163802353 21.6769593499188 21.696474556387 21.8597437804688 21.9416668330028 21.7718315843855 21.6455311372293 21.6361924905811 21.6404797807162 21.6240535785356 21.6685631526487 21.6578629340187
21.7111454930302 21.8249100279446 21.9422816294938 21.9852975842637 21.9176833194598 21.8234018342544 21.6936695353411 21.7391197801145 21.8405909669471 21.8116784832896 21.7952193247345 21.8167701467051 21.8580555773705 21.8549969269727 21.7275696585349 21.6404497033194 21.6636789361801 21.6504223467688 21.6384192754394 21.6462294094854 21.6494084331271 21.6717825141902 21.705901111283 21.6866283849831 21.7624127062261 21.8068937876762 21.7760920963697 21.6199045553243 21.5535647318915 21.5448809195496 21.5517268604938 21.6258509130684 21.7812768272941 21.7806023037588 21.550199789285 21.4352845082304 21.3879606775937 21.4647218661159 21.3050976333179 21.5246769605706 21.5435697338854 21.5620528150597 21.79457736197 21.8845550384846 21.7757226295062 21.5983963456168 21.5750598896733 21.5824158141814 21.5739926634578 21.56545090561 21.6556094866979
21.5888708545383 21.6012782478717 21.7111510794806 21.8283119541881 21.8282551667537 21.7901847803887 21.7123163498708 21.621744109799 21.6495515314331 21.6915267429396 21.6779926112928 21.7661625146658 21.7515250809677 21.750036984236 21.6297121536678 21.5192911999315 21.4795791095416 21.4511095551505 21.4401103179214 21.5661801169026 21.5885219562881 21.5677953218455 21.5344168233562 21.5345262170844 21.6564803069443 21.5639125637569 21.5617198100469 21.6759809506428 21.6279844959727 21.4767603743637 21.5418491571659 21.5738981086008 21.5711678939792 21.6769809424807 21.6396120101935 21.4793036609735 21.3265503489236 21.2862012116779 21.1973490059459 21.4091248054032 21.4115100025795 21.4481447956274 21.6048830143738 21.8376516484792 21.6874531661821 21.5082078700193 21.5008933022359 21.4711460062249 21.4996743989113 21.5203037302818 21.4466131639867
21.5380172829392 21.6340039053584 21.6226591830596 21.5890367212681 21.676066516206 21.707759346086 21.7452160535129 21.711984692109 21.7099315325898 21.744030778912 21.7356095535911 21.8056498501867 21.7460717514686 21.6169073634672 21.5047002320167 21.3938176365243 21.2935782998734 21.307260715789 21.4056335629582 21.4051185854637 21.3740626141892 21.3570961560237 21.4634272315014 21.4650550904358 21.5325682324148 21.3966669857073 21.4749000470308 21.5804582721724 21.6465633513117 21.5721236292307 21.5188420257034 21.4048030000612 21.458202833406 21.5769292653493 21.5646043978995 21.3429467228425 21.289746122186 21.1333070666023 21.2078407457022 21.2896647239171 21.3548465036822 21.4099272649426 21.6080821623011 21.7201487674288 21.6407693122908 21.3867651371038 21.4027456493291 21.3719598431306 21.3828509151019 21.4388300786169 21.3040011927068
21.3881478135146 21.384381681181 21.3069127901423 21.3603894452612 21.3896118733509 21.5166727507174 21.601235276424 21.6246643008962 21.6836252113805 21.7790833004139 21.7850477589411 21.8198961459415 21.6823437379292 21.5151065633732 21.4448429267289 21.2482098341519 21.2173312007229 21.2890582303342 21.3429388006931 21.3523513761278 21.3769098218712 21.3395072123134 21.4330055650884 21.455037865874 21.4015203822698 21.4351310762716 21.4859962769734 21.4024488280563 21.5671274482616 21.6229060987229 21.5881639740243 21.4908373317181 21.4873847419437 21.4528557384953 21.3536549581886 21.3425535211203 21.1951571670151 21.1696986628522 21.1347476995491 21.2432995582719 21.3041551064177 21.449669858259 21.5377887679618 21.6642648486047 21.4547419378474 21.2606080924906 21.2703200412814 21.3086620084379 21.2992032308652 21.3822031049714 21.2267606548443
21.1865038855314 21.1362905846374 21.0553372994042 21.1504825433656 21.2072010229962 21.3364468604534 21.4394054788532 21.5466699505028 21.6349053084093 21.7177322622505 21.7461494251835 21.7800083720222 21.6427997584177 21.5631445922093 21.5282928276785 21.3482610531513 21.2246199929135 21.1876424272782 21.2463929603677 21.2848825073577 21.3162763844692 21.30545822021 21.275558764024 21.2897844143742 21.3647147556105 21.3016558586671 21.2705631189246 21.2399207996309 21.4047318796446 21.5253999034382 21.4251087054292 21.340700061238 21.2985178616102 21.09819412925 21.0447371418314 21.1281324969281 21.0649589534206 21.1454825213948 21.1083845984165 21.1085087304146 21.3173512722049 21.4788302211827 21.5849088443175 21.4773915805274 21.2073989419119 21.1284870440737 21.182679455684 21.169741938209 21.2236628229515 21.2707838551646 21.17235141923
21.2851742040814 21.1932866218199 21.1729435587077 21.251424519456 21.2128316858583 21.1386977507086 21.2662380528993 21.4252637827364 21.5310077462396 21.4984632333581 21.5693530411025 21.7268523745206 21.6870805070552 21.6106287987514 21.5294642568756 21.4701231461638 21.362100884279 21.1747653189998 21.1808725646043 21.1421372567594 21.1575186940661 21.181024210153 21.2533066344597 21.2682652635289 21.2770371796847 21.0909144322156 21.051295993208 21.1117383246719 21.3118654185539 21.3621195218311 21.3778891686361 21.2324143260562 21.2186009271007 21.1160926712978 21.0283727257451 21.1059470738468 21.0780992570186 21.1124717488846 21.1288190728156 21.0550483118077 21.2172833208786 21.407475406898 21.5117995668809 21.3146387201902 21.0843745143093 21.0470647625677 21.0971268999796 21.1338305184184 21.1456859413863 21.15506793628 21.1171318448343
21.1837195064402 21.1780570498455 21.2085901629835 21.3274349797864 21.2798328320448 21.0836233717781 21.1805203968342 21.3287205638408 21.349457545197 21.2951609015951 21.4880238923459 21.6081716321556 21.648936277777 21.6516990020096 21.6102217933495 21.5051135526777 21.4246149265497 21.3048580565137 21.3214359041174 21.2224734489051 21.0218635103081 21.1299323345471 21.1028651396409 21.1583249309104 21.1405401743537 20.9923335983173 20.9529817472705 21.1385798607827 21.0858528082712 21.1277621741493 21.1943494867611 21.2435227572718 21.0852542637939 20.8434991907452 20.7850865268728 21.0020479043304 21.0929134513478 21.091579887921 20.9606857649766 21.2075603541179 21.3288521144302 21.4295804912993 21.3945459502876 21.151973271907 20.9921315562479 20.9685417361368 20.9613093086984 20.9514365752197 21.0325291673641 21.1265749112239 21.0378693236768
20.9172005585569 21.0872584121563 21.2114009873407 21.2932889417821 21.3285219823132 21.2529469844728 21.1153778880901 21.2233369517409 21.1293540902604 21.2449408383485 21.3561296599724 21.374952449432 21.4272696839991 21.5293241340249 21.5707331164214 21.5277129327741 21.4964247379356 21.4071258752049 21.3617107909256 21.285299715831 21.1034935633667 20.9746646487634 21.0405947084441 21.1242468556939 21.0814400945759 20.9721302947573 20.8344925525008 20.8583743281914 20.9999295647738 20.9734628145972 21.0114005948367 21.1459142843575 21.0151469075791 20.8156858095393 20.9023775775948 21.0182075656201 21.1022195900979 21.0493692047264 21.1297745108946 21.2926691646821 21.3511142849256 21.2903996811971 21.1289878989299 20.9313245680126 20.8896024916717 20.8749936127997 20.8879939850735 20.8647521958091 20.9205462315299 20.998424310544 20.9980812310281
20.9833491588013 21.0179438776534 21.0394982051289 21.1986118954461 21.3370581237045 21.3669037726991 21.2584783154573 21.2644174986291 21.2175894594801 21.3479211320129 21.3087618146967 21.4297686466294 21.428033973258 21.4441645023426 21.5528278854964 21.596077037572 21.5433173129898 21.5075164900486 21.4150705458553 21.1487737254851 21.0006068352541 21.0412775220057 20.9987742623934 20.9744808293577 20.8717982729148 20.914968175946 20.7919993679009 20.7538234791835 20.8275284403683 20.8044769889763 20.9390704204314 21.0304131903738 21.026001488643 20.8582831626916 20.7940603679531 20.8912170715278 20.989578308443 21.0164448949537 21.0142482869859 21.2559577352151 21.1526102271296 20.9705023270397 20.8812198507157 20.8601345662911 20.9191240460027 20.8244707931258 20.9206887556563 20.7949291931799 20.8232158584559 20.9234147887644 20.868166702355
21.2084549335429 21.1594592692387 21.0051042533167 21.1099111285175 21.2190270205597 21.3805078675434 21.3412573419441 21.3709234844181 21.3705903729439 21.4152638633876 21.409826519145 21.498771770303 21.5218656166282 21.521672202883 21.5398346920656 21.5751785131802 21.5132446475019 21.5206599974027 21.402106915345 21.1861767019058 20.9308274765119 20.9903709390658 21.0389529655526 20.9197480361739 20.7898771398609 20.7516400763067 20.7605669717442 20.6648890788913 20.6000388749405 20.6503581777054 20.8486763608694 20.9601591450121 20.9729593168039 20.7989329521976 20.8439372451589 20.9543735076641 20.9750776424926 21.0926853462698 21.1161771055443 21.124339231162 20.9502689701108 20.9345542330357 20.9659760501218 21.032574320817 21.0816376106437 21.0033361351882 20.9759449226381 20.8048271440526 20.7424938724587 20.8930320168182 20.8477434255961
21.2351089101818 21.2706733947493 21.0791880364879 21.1139665269886 21.1675071908943 21.3780143152432 21.4442895137889 21.4312771304694 21.4335801798547 21.4682725967456 21.5282308538238 21.5562848397849 21.5611467820573 21.5611471309945 21.5504797937393 21.5412175012552 21.5290629195805 21.4901425834838 21.3674961152798 21.1869710446363 20.90614121411 20.8393758811212 20.9320294039721 20.968587990451 20.8465379732021 20.8026016781342 20.8159350072862 20.605025484971 20.613151213475 20.7127171374551 20.8131328632171 20.920441568495 20.9059605915561 20.716827292424 20.8001319508983 20.9770404353385 21.0230096890742 20.8821998557424 21.0381578397851 21.0616759936297 21.1083604727286 21.1074495628311 21.146764778571 21.1492579343501 21.1454634018764 21.1178573298506 21.0341844164887 20.8680803414871 20.7266087360461 20.8557520428908 20.8421154044248
