Climate_data/bedrockDepth_Equal_10km.asc
NCOLS 560 
NROWS 490 
XLLCORNER -2904860 
YLLCORNER -5334205 
CELLSIZE 10000 
NODATA_value -9999 
[rows 242 to 263 of 490, columns 200 to 249 of 560]
0.608778282469069 0.608802431590041 0.579499091198904 0.550612492653424 0.552275207854967 0.515629871716163 0.488961703887081 0.476077284066161 0.490463510540918 0.459713066536257 0.463078334182795 0.460975375142299 0.44200376389296 0.469571237897437 0.492344165080488 0.516380065330897 0.573625032596759 0.529365973450223 0.481294027600247 0.516879568178323 0.549160751463751 0.512181400142268 0.542468793256762 0.590555683116502 0.56192713707863 0.480416555911783 0.528100664243515 0.594171587881756 0.56417462490614 0.556425853868534 0.488526755867091 0.488231791332144 0.56320049326557 0.566527464086815 0.521016450238171 0.497502433197833 0.541181131009887 0.585925172829228 0.575799945156629 0.524164415430911 0.484861285774883 0.497618591147332 0.513067342719853 0.501460420889097 0.519994548986335 0.545425109789974 0.587223230438415 0.572233622961333 0.543108632997752 0.514941913846746
0.602138424291773 0.580952182326691 0.544624870983816 0.510935021499873 0.497059379166829 0.514431058940763 0.49577328696243 0.478524604446352 0.495817734941386 0.475046131835527 0.447777101584961 0.455696416349713 0.460732708905657 0.466106517974824 0.510880501303738 0.578009888734164 0.589490910898115 0.553783572630625 0.530046720197205 0.514860747643136 0.55312694350621 0.543229391694879 0.575951658734709 0.612099402237123 0.582541611082047 0.522768684623304 0.554904749641782 0.599146653407701 0.558116606506879 0.540793192103149 0.501396675538479 0.499495703870631 0.559217043890871 0.550404268455087 0.521090194285048 0.47842554813858 0.532346197013676 0.585729931183739 0.628096167343964 0.60850519724019 0.564413625136635 0.634431597047779 0.643549384455793 0.608554695779198 0.589155019534265 0.606291032548218 0.60293270852436 0.560592801052935 0.586660990701118 0.562633579341615
0.556893234889752 0.563290262177572 0.556359081473732 0.520408682555333 0.519909357216397 0.527966246894562 0.497783672846675 0.49701504707406 0.508919574572415 0.507652595710595 0.487512624600554 0.462279950160058 0.484888351110825 0.46761250233107 0.478730000061775 0.538719579268231 0.596235819736405 0.528806254279893 0.502223415956865 0.501692819738812 0.520653693462005 0.55679892936553 0.595259349288803 0.60102166150716 0.568755446893884 0.559054554330271 0.597147450934943 0.622813285998818 0.587769913107829 0.549180165604924 0.551687519692218 0.515807548061442 0.533072325356063 0.548011156287344 0.512183231148353 0.508910144685561 0.558409342333746 0.578474315316614 0.57326749717245 0.577979237393976 0.605409724177591 0.657922902133577 0.674705532375861 0.644881078143958 0.608231633891988 0.604207309568259 0.579675291116891 0.53691927595458 0.549116690654823 0.549395300794067
0.549875395323912 0.546458810171602 0.544606390896005 0.534156351753334 0.543525726997361 0.518534113832339 0.484956419594951 0.481401847864491 0.483843371054445 0.481930155178127 0.505224055986942 0.488755121239076 0.508344296729925 0.513433548122489 0.499517893497493 0.534997956306407 0.54626406042989 0.497328905043826 0.484847480489901 0.488598647353801 0.516633144156603 0.549878628902534 0.603071155300538 0.624044264357419 0.611741135916886 0.633609368044245 0.634876078968283 0.628606373555968 0.585692028309855 0.556049079019857 0.570636276644881 0.527076988463208 0.530805381338196 0.558962450924367 0.550084462437585 0.546678781611884 0.54246430477207 0.592040248286827 0.597110356542968 0.603769208347516 0.628932524426782 0.642872684824548 0.646773715967445 0.640840430331584 0.635680062988957 0.615070814143113 0.574820274306747 0.533373225070364 0.512515220869666 0.54189585467414
0.551587194597725 0.53694964960817 0.538180574634875 0.53493662382364 0.545871056322756 0.5148389364285 0.485595855461493 0.470293952914387 0.490356495997741 0.462212560519803 0.475632814860847 0.518889453541155 0.4919073350653 0.505636446007009 0.536656645892381 0.550544695544054 0.511097941597291 0.48529555696937 0.493241767367393 0.492030402519935 0.505854719762768 0.538094240071304 0.597693971462043 0.647463953613398 0.655557751293137 0.668797991503242 0.636480440721844 0.582223594593536 0.549491517619488 0.547105007989389 0.562888832580138 0.546426676453468 0.533952126207564 0.571674220851073 0.571632084368387 0.577536583479445 0.574830146872731 0.605697449948379 0.654231525411388 0.628885945878317 0.623087847333243 0.615421849982618 0.573231431177276 0.560204111989413 0.605716175856456 0.60163061535345 0.554606614146724 0.524600777237469 0.519565368489661 0.52571952221091
0.553047975376764 0.532116864296516 0.539121324712693 0.539164002859936 0.556876686050295 0.521472861394652 0.482267848026742 0.454248787773793 0.482287928269246 0.48044532100734 0.475319284869722 0.513937507668853 0.527858726347717 0.532226443276139 0.538523453901021 0.5446843583719 0.475458016825025 0.476510778232134 0.466608386023636 0.476789577403121 0.486833939300835 0.49527051616011 0.532287221236848 0.583596959583052 0.607497729553167 0.611039033486024 0.63174494598034 0.604138937976173 0.554460414883293 0.551634702698793 0.54195964883196 0.523089391016543 0.515225349998227 0.540392424390111 0.565056812330941 0.55738090387761 0.593689232943071 0.641121374259786 0.664071012476207 0.636759166151789 0.573695325734878 0.536973499097044 0.504609089704809 0.51758672876406 0.549830991202833 0.550017247504523 0.531140863823424 0.516331434650834 0.508404042904367 0.518348445419473
0.548362996819996 0.533852192260834 0.533292933326505 0.530746652552008 0.552541162615001 0.558331773684242 0.509607994505124 0.45688260775604 0.448136446264647 0.454079112000221 0.456222452820657 0.530542371860719 0.569754215049739 0.547348021606488 0.543415439574188 0.500524836788098 0.421844041584969 0.458999083454179 0.456311613428204 0.451919148279604 0.461105870451717 0.461998231803549 0.48630549758007 0.494381123146806 0.515058709357495 0.533157951091467 0.582404921596137 0.629734372266606 0.602856902615614 0.566637892553145 0.556239478896641 0.545006606865668 0.514174368112267 0.502537595531848 0.522352772456465 0.540404862788155 0.562852889670431 0.617782791017748 0.627483896295818 0.595863850643291 0.50258511050003 0.47845002123216 0.503438975667942 0.529611307179293 0.538297519875272 0.533293341584594 0.524082049586853 0.506492812879972 0.51710219643226 0.542118982490716
0.546738142069471 0.531089099069613 0.525529007981875 0.519179642715771 0.528191735652591 0.568759124624548 0.5675382808955 0.483476793718081 0.45371622072315 0.447557855309908 0.438818466560657 0.484329386761449 0.562485950030695 0.554166818099747 0.543584514705588 0.443057470051127 0.394859255409626 0.426985350658316 0.453750817495325 0.438670140950467 0.437956896943574 0.43764212446295 0.45305236680829 0.457168708573618 0.474486953634251 0.49771191554718 0.513306679822851 0.552195843634541 0.602094404137977 0.569021309960073 0.543429338837382 0.532375435719618 0.498797697231719 0.492271201304418 0.493091984533859 0.498339070704481 0.521681882839194 0.595385601931456 0.608349874792755 0.547580738732403 0.513227149603041 0.505128078758835 0.5351262151512 0.541053225180506 0.546760281277794 0.521410547212836 0.527870905933402 0.506347886032323 0.516870459848365 0.524388296062231
0.545802171239011 0.529852622341671 0.516418886356439 0.508005835257268 0.511259638640726 0.535786174288907 0.560804822340387 0.505013055114563 0.466486874210543 0.44679815279422 0.440106673130687 0.478127623135669 0.476181736802944 0.513163727669978 0.52180468335825 0.435417964104892 0.42413664062121 0.441990858191561 0.457057193894663 0.437554017913443 0.438873170847139 0.472326085291036 0.440379478643956 0.434482763905942 0.469433410868818 0.485775746922944 0.479759433504435 0.477713119057325 0.562503921709923 0.570591446218017 0.537845363618788 0.513175079381065 0.459324667027375 0.453567177758521 0.462497660207762 0.460869897068282 0.474279621724029 0.5303694385658 0.588463204351198 0.550038969001365 0.528792804625469 0.530766813656058 0.544605714665197 0.541029500283409 0.514620268977558 0.516974313535984 0.522659708018494 0.490796163103331 0.467243387001303 0.488961438245479
0.547970659271366 0.534609122313845 0.506986302792049 0.49769799243995 0.496794416259554 0.503313135056879 0.520857654587855 0.515471151812575 0.476544037847202 0.447429351917293 0.44490180304199 0.46790012327083 0.450427332153911 0.490713832414754 0.502333239101485 0.438232510173701 0.431425809806891 0.446322122988211 0.458811063397439 0.461902805443335 0.445809963774259 0.459928659173154 0.45330857203773 0.463253041619869 0.479485140179886 0.470032713823687 0.459841547593399 0.457874293924454 0.508344409523978 0.526328555342141 0.499229805170652 0.477422295843895 0.461163524071892 0.435451671066805 0.425558994894718 0.427549685461155 0.421121377114561 0.454340789411041 0.554880981956233 0.569022596384908 0.562639423707773 0.613891285874667 0.576726225123546 0.573242781116717 0.526892298056233 0.517842142366894 0.487724434568171 0.47830748887903 0.438410249975851 0.48946838085473
0.553093823427172 0.532404195595317 0.498741498277349 0.493516020430277 0.491050507914614 0.501719396494975 0.506787845550255 0.525495754711638 0.517307068726271 0.449323126673181 0.450523326438305 0.44987758696504 0.456094380349936 0.496261552617767 0.523647256504972 0.46510159233903 0.429574303816115 0.426174921546309 0.435535137252007 0.446784214067371 0.461988681030296 0.460458803968746 0.445572721712137 0.471615756762572 0.484502655286604 0.470733910845577 0.460969148578752 0.442980894482975 0.481421040585343 0.505209816696965 0.479573781917555 0.464668869760899 0.477775771373989 0.455312510282445 0.432759534784435 0.439219242920787 0.431105687187421 0.443919084669421 0.551428804123676 0.582140422407222 0.595309942979147 0.663271344255772 0.626520202942045 0.620826873384763 0.604446631827593 0.529416781721536 0.506352915921801 0.529227815016255 0.484772894130917 0.489314493439311
0.55420208588925 0.534547499305869 0.50161943711533 0.500414166851708 0.503089798208123 0.520360774263854 0.505453513425023 0.524329990444648 0.528927255347463 0.47665039993566 0.477121445376701 0.480516871762833 0.472855944804565 0.487545212434245 0.526775416036398 0.509693585246777 0.452700024435048 0.433446717159165 0.442550050014196 0.446616880218795 0.47178153425014 0.497742640059468 0.47580848642048 0.474345304029117 0.491958328836954 0.483001643440557 0.472836899191041 0.47802870273223 0.512928054335537 0.501417631418989 0.476034272724538 0.475027601919617 0.461720980691821 0.440751458017946 0.432837645641647 0.443239227886986 0.447481748598291 0.467568297881458 0.552780038186113 0.594294144255978 0.629387758650285 0.67360965249889 0.661454271852976 0.635155248565011 0.648621730549568 0.620438209846904 0.606248723516374 0.607751013328635 0.554759573754714 0.502331604240485
0.557552003430255 0.535020647299961 0.512683710856453 0.522277798733433 0.514141543704922 0.508859720547156 0.510534139872963 0.538573726802772 0.561830980210976 0.531510220601878 0.49849636781026 0.497858197751544 0.484947511639653 0.464716195812122 0.506715404025525 0.521920674978797 0.439574812864875 0.427888294350324 0.448347636535671 0.460468459732535 0.477869190302061 0.483872706550623 0.492962348119089 0.489667333602715 0.497485192719655 0.494863611923016 0.471850754661417 0.509479509844058 0.54634856768542 0.502136878021853 0.476920930142442 0.462562120059455 0.432613576873377 0.446355339075232 0.451215924803019 0.447039683773076 0.448498143743751 0.484167195226329 0.525780001127252 0.605409120609241 0.67552077640638 0.679761744146948 0.675191195973356 0.650806483586928 0.658859051854229 0.674674778833065 0.673416968490129 0.652908006744275 0.629799532154709 0.569360205580039
0.556872026684121 0.54119123082419 0.52661356008174 0.517112554587975 0.506821988677779 0.499032290885112 0.50790857382972 0.531754395850497 0.562890099663184 0.547056521210946 0.497459514481795 0.499580514543713 0.494645579588257 0.464636215021929 0.490358342553313 0.483595314947786 0.411919810587058 0.414420431881066 0.43757522589407 0.469496680055214 0.49194813865439 0.484943680435305 0.480231250590521 0.483464850989565 0.498939422185762 0.506827823593553 0.513047923984854 0.532664823976749 0.526647719162074 0.505842937760312 0.483663420579983 0.456264147292178 0.437148742963783 0.433746082409281 0.442527030618142 0.423273777195262 0.432412561622676 0.472168703473246 0.487194091998996 0.536374103458666 0.672717911802675 0.685881465565005 0.654829128963916 0.598164578783867 0.585954274000662 0.633339538531012 0.679725199584694 0.679728470957101 0.664575916274742 0.64115594588751
0.564302237885418 0.555424560877276 0.531672588034157 0.510269794975894 0.509899791738297 0.495970611400298 0.507443805161357 0.50995886855586 0.538606432141004 0.539894637929963 0.503085947998342 0.49005197505286 0.481826415595094 0.472091639224075 0.478853957162995 0.441167230024911 0.406749846022754 0.422826455938648 0.458893446201854 0.488091111774158 0.504983341592858 0.484095930655035 0.486212515560398 0.482000519993615 0.485515256710311 0.49257946129329 0.543353871020834 0.558758049573644 0.502027812831887 0.492048514374644 0.475746129319885 0.453068158710652 0.447030213401061 0.428161120980138 0.424438566299476 0.39740751651697 0.417213458983725 0.45080747183274 0.476499767111207 0.485317588615383 0.615635022576201 0.657638919299364 0.611638923489577 0.523510226347318 0.482381052787833 0.500732316713393 0.635311947167927 0.675266277627097 0.691324007309901 0.685073728055589
0.569529758556394 0.55490134420071 0.536805328614374 0.532240454794989 0.536021578090902 0.521249681153664 0.512910390706789 0.510186575572641 0.527810995418585 0.532089305099848 0.509309159067523 0.463149485984273 0.467416372261081 0.489396712933011 0.470845657577803 0.445049456027439 0.422474074970505 0.421929472610997 0.460993379785956 0.513938465649624 0.510804989288077 0.492015244481009 0.498991088880312 0.489401323239199 0.47617061681651 0.484608217167421 0.513204306316407 0.543211353217405 0.50268213166071 0.483081131554796 0.457188772071633 0.437039769569666 0.454433903433276 0.457142013955107 0.431239074933339 0.411220533121582 0.422759444028929 0.438153893880709 0.453190872142052 0.498818149256458 0.570130138312254 0.568403004496602 0.530308601687486 0.494023147069755 0.465075921283471 0.460913364217489 0.539934316094772 0.544757655651061 0.629551931014656 0.702571788782921
0.550567365704564 0.548824616791256 0.540352987465377 0.531659493868125 0.543021506509472 0.542029169764245 0.510590238931204 0.517758064212379 0.519444949394622 0.526390149601089 0.522749294299837 0.499321785744189 0.505051772731272 0.495803510008728 0.454842080337569 0.438650006891138 0.426100540062032 0.423812170507219 0.435022751759373 0.501210449056067 0.526521198985833 0.516876804734898 0.486319912941383 0.465565764467207 0.460380811004547 0.471928707518909 0.492604449055554 0.538300151940891 0.507396392674917 0.47593817506408 0.46256475794083 0.451872336105512 0.457021494147805 0.451716573464661 0.451900557228933 0.426780857318305 0.407852089564259 0.424216045801222 0.430640767824096 0.477983121420395 0.53857443612906 0.506246873397056 0.49811830471346 0.482976844201614 0.456871835745226 0.458283097030751 0.478761221050969 0.492387066853002 0.602496892780608 0.687088327866885
0.560388934245859 0.561344183112684 0.542501114996254 0.524454393376197 0.511897089607035 0.504593233900349 0.493597890678872 0.524148213537309 0.51055747040657 0.510818623290706 0.53141134958963 0.530947106530374 0.537697008141425 0.502788269311021 0.469438472648906 0.447795486104277 0.438424454832373 0.445254480799285 0.465073283380216 0.480787304405623 0.503576012049844 0.47994690473817 0.457070761356549 0.450724007641148 0.466580892444482 0.480517038877037 0.487648379513335 0.509867425230402 0.493868652486858 0.481676509821836 0.461329715929141 0.466500969020524 0.455425146214015 0.439558329249933 0.426344322869485 0.434931724005714 0.4066045409654 0.395203813317239 0.414195313940545 0.461584842407958 0.527526273272979 0.495226497168554 0.474499719131672 0.460656306661109 0.462287054297685 0.461864107056656 0.458684472123575 0.478756732441175 0.55627086355495 0.62182010764014
0.542815793031038 0.556820579703666 0.557595826384693 0.526108672402088 0.493667590606738 0.483299291147089 0.47870743232643 0.505413805697956 0.513778878323155 0.508020227123727 0.509891893178091 0.509432559192668 0.529221206595464 0.511820367927093 0.501358021692792 0.486636500571425 0.479382344744211 0.474416528298844 0.484912039500374 0.479135435563059 0.466891098993294 0.436050291516601 0.424888338075525 0.43083278442993 0.448954995979568 0.482245649464409 0.486674710683711 0.482317063235478 0.487320559425115 0.497823745693609 0.467773042021229 0.465059881836868 0.457528779099636 0.425506872303342 0.401318804778674 0.429292751329404 0.42398508347259 0.409861552350807 0.410615496019443 0.429535641458835 0.492458426503682 0.518707899737119 0.474584769828821 0.460030001412912 0.476402536480001 0.467177716127159 0.457855127618114 0.46701261328688 0.503839160689005 0.528359496875285
0.528319642014073 0.539212649385839 0.558217719509883 0.540291985257481 0.504188607317929 0.486585564532902 0.483682396213882 0.51202415689914 0.51966723640998 0.503778675376162 0.511251670127684 0.517977122031239 0.531258887067303 0.520348432851783 0.49901807371483 0.47377975209546 0.461382731119953 0.480661864152456 0.4943517272877 0.49303414998281 0.486237916065931 0.45226381595225 0.431285501964159 0.414437662929782 0.423197684527887 0.445179324971611 0.462034687440308 0.470728306286263 0.487084894191641 0.508322212071274 0.464710527175732 0.446449488819638 0.440505987795475 0.413519193326999 0.387803449172434 0.409003923837292 0.43357704000834 0.43323695320271 0.418489247098318 0.409370189388592 0.443976954275405 0.519501100259458 0.489251655209355 0.468570205407466 0.473579797600688 0.465440712373814 0.476060198605267 0.480245383865678 0.484427868003872 0.499722162032334
0.499484558726734 0.512435976761205 0.516097940305164 0.531342729377522 0.53288853254567 0.501143451899202 0.50506945002969 0.535059214280609 0.511720140049416 0.495782495868586 0.517566096737261 0.528103351150065 0.517645235036519 0.499743541801273 0.478520494296963 0.463873705231024 0.465341925748178 0.473643847429064 0.495527482443177 0.49154943181612 0.49830657465106 0.49120294920507 0.456462541354067 0.41917073671964 0.428290460913718 0.423693576980732 0.429823039228468 0.450498185141708 0.480717725582655 0.509271141544292 0.467668798453691 0.447298046696661 0.431748252384788 0.422219595861302 0.401768068075975 0.40910354444664 0.421154281672503 0.41513739994186 0.402311576890398 0.401206782382767 0.42954709469928 0.499258387040902 0.509412101866824 0.477972539295436 0.46047358908064 0.45212472286915 0.467057359863044 0.487225070851759 0.477295848544071 0.493174889248834
0.507906549063439 0.499424675028704 0.492894564005592 0.497097922318485 0.538936013924355 0.501647826760711 0.492498513690467 0.500377776986194 0.491589184367254 0.476843518910892 0.486140941746081 0.497472866060724 0.4971694089664 0.473977831201598 0.463695328633815 0.462346125106448 0.470080914661372 0.467145983178459 0.475280438664761 0.467293834568895 0.477183486529512 0.487808748686126 0.479409456267762 0.450605243091978 0.439527577829363 0.431924627779061 0.428802735682671 0.441341748870812 0.456467821843494 0.478908157431944 0.485261540152137 0.462676254827698 0.446729576955363 0.43449239899801 0.418753276669 0.416027296466286 0.412428823950182 0.392216411908955 0.390947764130859 0.398188016907974 0.418776419078119 0.486696911837573 0.533500233036863 0.502201579835329 0.478670747980078 0.465852894712941 0.460551364775403 0.468531568507502 0.471078254762769 0.478950457926679
