Climate_data/bedrockDepth_Equal_10km.asc
NCOLS 560 
NROWS 490 
XLLCORNER -2904860 
YLLCORNER -5334205 
CELLSIZE 10000 
NODATA_value -9999 
[rows 352 to 373 of 490, columns 350 to 399 of 560]
0.995509847355709 1.01071663716048 1.02023388335018 1.00826315137634 1.00242542288767 1.00125532744891 1.0352209295667 1.04075379334952 1.05125781288955 1.07613574387758 1.08430707166893 1.08037387273932 1.08853591033537 1.14359410953623 1.15688334405946 1.15608184865546 1.16005676898103 1.16861258703714 1.16903869906941 1.16873875616325 1.15974725247525 1.15201482560052 1.15944944984098 1.1556085395569 1.14273454463976 1.13608864002475 1.09381566358147 1.03681310648582 1.05280194710484 1.08875805850934 1.09901938228615 1.09876220024092 1.09236980127761 1.0943361004422 1.05210036155841 1.01376407470451 1.00286230691361 1.01858028090094 1.03042844598164 1.00765188383179 1.01553262908115 1.01196244873388 0.984471246571831 0.976412088153481 1.01327548436881 1.05808463941954 1.02660075998989 0.97796283958885 0.956136918981246 0.963696561171031
0.990193711986255 0.995708581509039 1.00907823079614 1.01152215281822 1.02496126196419 1.02482284761534 1.06512953756901 1.07640215643766 1.05406444733843 1.08665550252071 1.09562672548106 1.0947756702399 1.10375123475094 1.14307632226168 1.15204725943186 1.13792226709379 1.1467244595923 1.16721313773602 1.17443613424906 1.16813492306748 1.15212958929023 1.13840822920328 1.14198589327218 1.09665315987871 1.0744871515244 1.1194394801464 1.11184053800383 1.07272583227865 1.08867570261471 1.09717197541163 1.09889687210266 1.08223483911541 1.03408210967524 1.08060274581234 1.09423615055452 1.06708390125516 1.04923299762894 1.04119987896665 1.04233477559323 1.0425569555416 1.07792081646679 1.0826356946769 1.03199746287003 1.00210363715239 1.02304570330012 1.02773925649014 1.02588712902767 0.983331066472525 0.979994824663564 0.939989692051863
1.00215864446633 1.00133325992326 1.01891279437769 1.0471314594142 1.07256679404834 1.05873582018119 1.05961776541925 1.07357249226314 1.0667327764791 1.07524189002736 1.09679003946189 1.10135595853728 1.12116985713444 1.15685747356388 1.152940047853 1.12698708431489 1.13393655024304 1.17168441938558 1.18013796522974 1.16639366377379 1.15033135794326 1.11825011694678 1.10912130688306 1.0675237740828 1.04694440719578 1.1067229321842 1.10636103892072 1.0781773471161 1.11415388903235 1.12024231663983 1.11636000286809 1.08632195828483 1.0060036690209 1.07488532763353 1.10285069087978 1.10195068268913 1.0934708011981 1.07815551113364 1.06196074074206 1.07455064849664 1.11786320518272 1.13812677819751 1.10794925045773 1.05930364313996 1.0550913811552 1.06107046901695 1.03475961249427 0.990750157981485 0.958909727541685 0.938924515481121
0.998884981804543 1.03468704350766 1.06216840338306 1.08397575922137 1.09978668442569 1.1017667753129 1.07593496650606 1.05769951930244 1.09664811238961 1.08751838376505 1.09647129305655 1.10291218148948 1.11655152540961 1.17173259748203 1.17397498865154 1.13944981468612 1.13994478912745 1.1741057148471 1.17618392048405 1.16725377228985 1.14427721263373 1.09251187712145 1.06987254551937 1.09006446817926 1.0643011500025 1.06194785624274 1.02358644262719 1.06867777570108 1.10950765950138 1.12498941738026 1.13466561979654 1.11732486602255 1.05577059668042 1.09750034060358 1.11686077897455 1.13330324163234 1.13007817827052 1.10711891514586 1.08612228198215 1.08260311813943 1.10593139807711 1.12324226169813 1.10924073561571 1.06249874745628 1.03735571087841 1.04857817629284 1.02535447308414 0.977122563738773 0.938856537258695 0.924999548663153
0.986739821072656 1.02251842334264 1.04812471118695 1.07197785587867 1.0757387324662 1.08512631891856 1.05048289924651 1.02337339889117 1.08594871486143 1.0812783878459 1.06499159117264 1.09484333907975 1.11440984967872 1.18697568978019 1.20180037403363 1.1701960897468 1.1630133581733 1.16945755419231 1.16829392336594 1.16456219813845 1.14555081623738 1.10500330960345 1.08640853775282 1.09495239717203 1.0452360503848 1.00874099242839 0.889918495025538 0.958033838297095 1.06682749330672 1.12074208472054 1.14522850266788 1.14684731848723 1.1241505045184 1.1301607343807 1.13730919938089 1.1490732784569 1.1485615266045 1.13545838296535 1.11904340909199 1.11392761231864 1.10329441839939 1.08392822105162 1.0558167332045 1.02498674514416 1.01024764146051 0.958112436753938 0.923821762230412 0.903928574913054 0.883547119154782 0.889487148815731
0.992227849965776 1.01649038851156 1.01845381879001 1.03463133596488 1.03712038688594 1.03030471561416 1.00733349036306 0.995732199575938 1.02078393436365 1.04283898895471 1.01294364494785 1.05228527651443 1.09175070012223 1.18517577345273 1.22278685489215 1.19699075410744 1.18980980861776 1.18400793757276 1.18109149683174 1.16166178846951 1.1430871960791 1.11023381709702 1.12393065602606 1.09225811894513 0.962102816223665 0.923033512769441 0.848556445189565 0.911101383800333 0.999050005013509 1.11902333668491 1.15174372128591 1.15868773030167 1.14673913759627 1.13321011443032 1.12898649345996 1.13088395159095 1.13430481542038 1.12032297838029 1.11968355070204 1.11616392639021 1.10089188355454 1.08156418989311 1.02818292405364 1.01164160816893 0.964980047207557 0.895083599842168 0.883208640244842 0.893747915351567 0.871995517267024 0.876700821075229
1.01015984710807 1.01718199506004 1.02118376131402 1.03380133936955 1.03276787031494 1.02207924161675 1.00744569896612 1.00306787042422 1.00788277507003 1.01589222707737 1.00739100455921 1.05741643227742 1.0973383997623 1.18024681555145 1.21632987264588 1.19857619007204 1.20303700308063 1.19712563149064 1.18201991955956 1.15916194935631 1.11922560702517 1.09689012032617 1.08921539940317 0.990235764569578 0.876715954694374 0.852875996966864 0.845697879524791 0.869638844699067 0.958428557265211 1.09556162292286 1.14906212758755 1.14561911629557 1.12119470660473 1.07292761519736 1.09360020095075 1.0947359107441 1.05105095578911 1.04008858841069 1.10028506950977 1.09712800287622 1.08856681421613 1.07424172002737 1.02126776438129 1.0389405023907 0.945232403875532 0.884794697566803 0.919218491320948 0.897597666542261 0.878487328899435 0.876313073399116
1.00798135812051 1.0263380969753 1.04469824644108 1.05915040843997 1.07615662651585 1.05527844772265 1.06898689269073 1.05216523332543 1.04899028875999 1.02152604069567 1.04294099029371 1.11320618004744 1.13803281827784 1.19065626706228 1.2070447492413 1.18765892191571 1.18024407541639 1.18191137674643 1.17014195114729 1.14886228794257 1.10610411647632 1.06399642863591 0.991656379840465 0.866263209842218 0.890723480488495 0.891519574678677 0.834121775611662 0.833034186354292 0.914637392350806 1.05037672354926 1.12071533281928 1.08747588690212 1.00006285882104 0.941058623384421 1.0192718613247 1.04892844541864 0.95727015153822 0.9912258636363 1.04378104080699 1.01250848769631 1.02989239471914 1.04283362087477 1.01745583251402 1.03340922441512 0.963292678610993 0.921137732647137 0.972504772061716 0.931257039516354 0.920743864316451 0.919427486258573
0.994066292031631 1.02387501944934 1.03254096170749 1.03978160922741 1.05733193567415 1.05798730067523 1.07441768555742 1.07316649842486 1.05402454237461 1.01832599500256 1.06263177678624 1.12734463749688 1.13132274885784 1.15685816821499 1.1606563876771 1.16412267721913 1.14236343033956 1.13568912871516 1.10637939405535 1.06874685347436 0.992245489500827 0.922147766248251 0.883849738981601 0.839795509089637 0.880272171148562 0.884075377171799 0.823128117155596 0.828254362719209 0.926687755594514 1.07814641589965 1.04951012568212 0.964745845820742 0.882985299682295 0.913073333614391 0.981993432435967 0.974036859734378 0.918418301853825 0.976283900428489 0.941577174853474 0.903930006050442 0.94533962342031 1.00077148102924 1.0119598281137 0.994829796006912 0.963639476323505 0.947569460472169 0.981355687907126 0.991428007297994 0.993936906821524 0.981412880770634
0.971764081477798 0.998205411074823 1.02083326211201 1.04361258418783 1.0645741098091 1.06083396859239 1.0620275029822 1.06597119765035 1.06050886257537 1.02102859161262 1.06457178758028 1.14033868085767 1.11271658976123 1.12472572290831 1.10840258999681 1.06408009528152 1.09062092691408 1.07088045645783 1.01871049079539 0.984677921316551 0.904903649270616 0.844729228186199 0.847934132233363 0.844515372813819 0.871151512141601 0.863714893684603 0.832636657956068 0.848926891380361 0.928805596835824 1.05284356190988 0.955919544281958 0.86984702132652 0.851660400002599 0.858272023728297 0.919444370538591 0.906986031397414 0.901520119541403 0.911509582852805 0.880064222507004 0.881688805046768 0.930651885567038 0.990599524774738 1.00853845976512 1.00124878915343 0.992566341107893 0.977570137905322 1.00062526100043 1.04037415236121 1.04167566791083 1.01427000011843
0.939286649542269 0.990733219315868 1.02241249442298 1.05866593859707 1.07385235941186 1.08286589180875 1.08424104435429 1.07916401630075 1.07347531482805 1.03095557606009 1.09235317550375 1.13345957833675 1.10304720315124 1.12332843617357 1.07600886728892 0.962334230275065 1.00556683776613 1.00740838931384 0.959813958021412 0.897839282437315 0.874286314899833 0.869682320930461 0.856275771138197 0.856622206461219 0.902244637570826 0.906694402755534 0.859349743632504 0.852894452191862 0.91973282291093 0.981801615008421 0.881900017159429 0.858552066368602 0.859782413748017 0.87206711606305 0.884211677820575 0.889448878447725 0.886633655087835 0.882412120388876 0.885446098426905 0.920162059963493 0.976619730510582 0.985837751820896 0.986996100649051 0.989965228650463 0.971623342257182 0.940611746321067 0.979887927988111 1.05284115005726 1.05918021767031 1.01059668442926
0.921295450728617 0.986112026147741 1.02446304768651 1.06364158041319 1.07393287421716 1.09215840696249 1.09471998319373 1.08850732935248 1.08645660557592 1.06098761119456 1.08860488041443 1.09245668876687 1.04413591358124 1.06762484848697 1.03822089578797 0.945586973510875 0.966952354843574 0.969423241414097 0.935653250164119 0.903224543362929 0.922725138095841 0.903655602797994 0.876368390483281 0.88277149840088 0.937735170244673 0.946790814609709 0.908065839231675 0.914750772931682 0.965936962510271 0.905118135527822 0.879484306012149 0.885970039469976 0.882724581213699 0.884779944231805 0.882782401497452 0.901797417871655 0.893722387247502 0.897870244330032 0.907736842329381 0.950632361045269 0.991122061936909 0.955478903344696 0.939941108085173 0.942438997461419 0.949865537828066 0.973480559632828 0.990906163842295 1.02617756695298 1.01307856258057 1.0051342830372
0.892515473518163 0.968258469669805 1.04565092141209 1.06444900377776 1.07026079789563 1.07828865065049 1.06958367526882 1.05643309462125 1.03267685496066 1.03486079809819 1.05583081274088 1.03346131276857 0.999560813578223 1.04228701708752 0.973140827174799 0.940759872862777 0.98066247716333 1.00132628583387 0.930179623773964 0.911300256631535 0.929494191884799 0.931859485873727 0.880994431254897 0.876727439827983 0.944683942393025 0.966590582734124 0.924281758787506 0.930765504996291 0.962380787628555 0.911090347318327 0.918283511577347 0.913342051460856 0.904446655025934 0.910774780215249 0.901395138115152 0.903112951054766 0.904106930505675 0.915428187939252 0.918863606387432 0.956828293542257 0.951570681723187 0.909731413903908 0.912517265344257 0.932215069779554 0.946582873970157 0.973167815603679 0.998562128309537 1.00652495632476 1.01535808579658 1.06570348840036
0.912692601874377 0.95044863614862 1.06064512312113 1.08031107438363 1.07612058545276 1.06153760859635 1.04505817722652 1.02112582519522 1.01450667182262 1.02144740248664 1.03678936380311 1.00908803725225 1.02827261924203 1.05722859166368 0.987862971325874 0.978169479801202 0.961036242188754 1.00757512267188 0.954640626608111 0.939388069620747 0.944504644420819 0.952175736634124 0.909674754917778 0.881145546047974 0.939619208055452 0.968558674418659 0.937532918288675 0.948873873640058 0.970796145982026 0.952459119621806 0.945152406821819 0.917090851561164 0.914794674606445 0.929259629869019 0.944740952299113 0.924499539200551 0.909289455427228 0.92008909033856 0.93278918431015 0.963555610428629 0.949431822755731 0.907110786654763 0.910573523024746 0.927516002497509 0.937681479025186 0.942537254893398 0.955576231426227 1.01977920696778 1.04451908608426 1.0679528469985
0.956082347801283 0.972316405963046 1.07126204409572 1.08840296479002 1.07142292246388 1.05498010250643 1.05516107499094 1.04518749052767 1.05422491817025 1.06286392767674 1.05604029284216 1.02743885174716 1.0415641898698 1.04935404224649 0.974737227547347 0.988085924707509 0.939480220471137 0.99985176561157 0.992647008488645 0.953090429075708 0.968397613118607 0.944844574825801 0.915519520266782 0.914546529627117 0.925398205532113 0.975368342264108 0.962049911227861 0.981144791951346 1.00254854282516 0.965362711686223 0.941971179362288 0.912385008914937 0.926612059634538 0.95462836783659 0.941722126814068 0.924081333364563 0.922676839612471 0.930519046636177 0.944208093586221 0.92941778497831 0.934987826808306 0.928831219148141 0.922747403099927 0.944994032933568 0.951507988606589 0.917664920930373 0.947979473446868 1.01718950860917 1.04333419505783 1.03763650689402
0.994344243003076 1.0329060290024 1.07510572186173 1.0928703301489 1.0771622147084 1.0549550444853 1.05295025702261 1.03644767651158 1.05186681041316 1.06277959831199 1.06698335842971 1.03868650756713 1.03562588810456 0.997095952165893 0.961918482687822 0.961555480280441 0.943691511013223 1.01621902627601 1.01478599553871 0.986482285366325 0.998559236178149 0.948088761163727 0.945605876778968 0.915947555146455 0.924852963466504 0.968896138366608 0.966566001926664 0.999498479691349 1.00794969254205 0.961346484098145 0.921364958753689 0.932610113378269 0.956886839566715 0.981041662620811 0.95398874704043 0.934993891468344 0.922858266006287 0.938412925660353 0.950405402595888 0.924355361504352 0.950364239616374 0.970417854190381 0.963172806061405 0.96624054319453 0.975945335349795 0.906335178777788 0.930040282187767 0.976334685344299 1.02987215273406 1.03570459457222
1.02756652378372 1.06898436462504 1.05423472896573 1.06787449224838 1.08439991627114 1.05341013598565 1.04249418179784 1.03223531001083 1.03839153079411 1.04829749259123 1.06146596684585 1.05732855778802 1.05532218511837 1.0092360658272 0.997324377864592 0.979410327030849 1.02032421822687 1.06116707293013 1.04062727450323 1.02224922217035 1.00646426093083 1.00514038887766 1.00272745990104 0.942669248532498 0.960048078956514 0.983604488582141 0.966602165272044 1.00007759637859 0.976232999080488 0.960861326599101 0.957760214895459 0.994208649287595 1.00580758425477 0.992275487940048 0.971818101090406 0.954481076819125 0.940967557393624 0.947953876400356 0.937746755168246 0.941324454188024 0.965076747534043 0.977908521454404 0.99514490756034 0.986376293445292 1.02453119530011 0.979973567330936 0.951979962976145 0.986337288437624 1.0227305145731 1.01322783703433
1.02353379876229 1.04428135280678 1.02898341908597 1.02575686964533 1.07548153152611 1.06870507102145 1.03825598786102 1.03546567267956 1.03734348746671 1.04668595243693 1.05011759902001 1.05415120867131 1.05229631027227 1.04852295745679 1.01614674365153 1.04629200150261 1.07264460266412 1.07017477657757 1.04700764359479 1.04083812816924 1.03354436731626 1.029165998088 1.00969641673704 0.964289004541012 0.984019582034915 0.998776536293088 0.993729864479418 0.97730112345172 0.944922664515485 0.977433347730653 0.992444519107487 1.01017429421947 0.995053926720668 0.972583511414043 0.961623857985083 0.954714608178641 0.94360892003908 0.936423499595617 0.933104617041249 0.978086537536398 0.99596505469676 1.01300097911962 1.02767284803193 1.02092802638539 1.04634884296076 0.996097367433681 0.993404694074414 1.00477047932778 1.00764700015537 0.991097430827685
1.0151777951468 1.0069015464389 0.998445469889441 0.995613688150898 1.04565673979169 1.07272826982046 1.05026861681161 1.03422440953303 1.03559433975918 1.03665957297765 1.03427016199238 1.04340801970221 1.04416036644861 1.04291923746169 1.02909775896024 1.04212725280334 1.03436217754591 1.02871459308931 1.03968861338833 1.05257160215847 1.05303735679375 1.03617538574974 1.01644394529709 0.991837153247737 0.981009946146094 0.968823741028355 0.973709893697743 0.960113129239251 0.955829009785148 0.982595875646803 0.982937693627266 0.976691652018037 0.94027577852907 0.927319890545843 0.934156456820844 0.942697111825304 0.939258993464914 0.941849160464228 0.945993453431468 0.978581793306573 1.00381476774138 1.02410060475211 1.02040802488056 1.0360454422797 1.05638641634062 0.955740814672557 1.00473613883872 1.01527541785147 1.00517461745125 0.990461922143986
0.971701612429814 1.0248586038499 1.03847508510829 1.00204970517814 1.02423849484445 1.05621336088486 1.05841900644308 1.03076445906048 1.02891968860397 1.02892867273088 1.02385844823758 1.02817449508188 1.02593612197882 1.01830157448016 1.01932443822046 1.02498070739308 1.00916819656663 1.02665934859809 1.05018715694127 1.06137590851457 1.05989810253261 1.03313876892788 1.0106765548267 0.994382849242606 0.966900623442179 0.93156558732121 0.935168249992531 0.949914948561862 0.946183513318037 0.951352628971465 0.944362797857482 0.936011225751097 0.925306905858804 0.934287668430926 0.938286193350233 0.928622126413052 0.922582649562577 0.928685159387501 0.946191273927357 0.958196763755779 0.978443947664489 1.02210185024541 1.01200084777309 1.03847437378314 1.03991964833902 0.95543072008254 1.01065049071932 1.01586001594929 0.993942322899543 0.993531290783192
0.950352563444234 1.01184130292698 1.05259131917934 1.01893969110633 1.0013763017705 1.05097706779786 1.04760970749997 1.03100896160922 1.02718865720728 1.02112370163005 1.0128991480775 1.02334673803357 1.00753470560004 0.992158477947943 0.999183097608628 1.01893523516967 1.0179010128369 1.03660238765372 1.04897310385224 1.04873421324394 1.04208143765596 1.02801742403765 1.01034166505663 0.997066050320649 0.979514563743086 0.956683593810919 0.932729549547643 0.942185978197486 0.937082081798331 0.931075599587849 0.924785661294628 0.922353529343672 0.934613612194249 0.951234894937425 0.950261387412382 0.924465720414321 0.921759344700942 0.936209802331706 0.961640580161222 0.967291141894785 0.987108669898885 1.05899063740334 1.06381431171778 1.0240941954814 1.00810056600316 1.00725464938877 1.02413191103902 1.01039218426458 0.978379843475067 0.989629854799564
0.941330667819209 0.986366267280695 1.01915841139227 1.02626440932312 1.01372997346432 1.033925737501 1.02781875201183 1.03034163345594 1.01434649601087 1.0002984971381 0.9969965109598 1.00626801654879 0.976884189101255 0.967379754418783 0.982045793234889 1.00122955591332 1.0163969978785 1.037586607063 1.04162121029132 1.02276367747816 1.00352849914364 1.00264037025774 1.00617397693919 0.989654458710345 0.977036681835225 0.986567904555626 0.960502776695079 0.959613039529422 0.951533289059638 0.94070801298905 0.927401832314925 0.91851933112723 0.931616250308831 0.917794508324572 0.920654805404074 0.921915900427861 0.95069003032455 0.974757782105662 1.00024139068884 0.996571278560159 1.02196525988971 1.07711201445817 1.08366162970984 1.02319865568806 1.03172012368147 1.03456180868415 1.02476524141102 1.00905091768071 1.00869198813692 0.998993838891071
