Climate_data/bedrockDepth_Equal_10km.asc
NCOLS 560 
NROWS 490 
XLLCORNER -2904860 
YLLCORNER -5334205 
CELLSIZE 10000 
NODATA_value -9999 
[rows 198 to 219 of 490, columns 300 to 349 of 560]
0.693342575605496 0.678821114048285 0.728934570575802 0.755997534695853 0.564929869455765 0.503172120423593 0.42835669838226 0.428997834371659 0.482975573792405 0.549072234946751 0.578007466207543 0.60702276393876 0.613415969575658 0.5860062802169 0.620180512182823 0.623262607880914 0.619137456009773 0.638680300827891 0.623626602701533 0.647718137996466 0.665050577178124 0.686122918073318 0.747807359730755 0.780299288625068 0.78570481167996 0.813774063630912 0.833988054117213 0.861594808030375 0.872362133552435 0.909217704614025 0.925217414710305 0.956031944648335 0.965251885749513 0.98353486703582 0.997610465734897 0.98926313303593 0.937620740026 0.893221539444735 0.975335508279606 1.02537712805399 1.02395553951694 0.99887422322675 0.917704822546252 0.81959734311171 0.724167602912116 0.759629980540056 0.810349833563821 0.723974603942619 0.736750935922723 0.733534132797735
0.652944895526047 0.687955970868449 0.683763425261258 0.707807781411267 0.659631670262598 0.592581197789141 0.446165401052908 0.398348844268984 0.421540095123453 0.51686965495467 0.598974959737352 0.605822755417438 0.578440554525064 0.521291332430291 0.581246336364989 0.682605643958542 0.686019232765113 0.684919036747932 0.676962200557312 0.654356121594566 0.640064943290344 0.665943502843852 0.715722234400077 0.734494309084028 0.702916941341194 0.684375189198544 0.702046406278659 0.723788295342326 0.79963596797731 0.83231915566306 0.837691625653689 0.905998805619177 0.97038681335472 0.979150232693825 0.991884092923347 0.989743587310178 0.970025921765926 0.903148463875996 0.931974116363929 1.00623191265807 1.02318953078214 0.975741458784076 0.877624424109057 0.831488610533158 0.793378977147394 0.819015122510764 0.81859809293522 0.754622640069985 0.772485286466095 0.781749256813284
0.627906794783666 0.662139860540386 0.664727925296894 0.654118252865827 0.544029160899899 0.533039052688038 0.502140625196505 0.446900031714449 0.453812983087284 0.560705088755526 0.562183409758713 0.511813264895661 0.517243129948937 0.502430996360702 0.633005929016205 0.700953810850518 0.69993265396726 0.706879990939161 0.687583903753976 0.623900946401497 0.607498110999119 0.673471049910261 0.695505827193086 0.70593899886197 0.667160400691257 0.623893215009176 0.622444727839961 0.608281148182746 0.661246222885301 0.675809754301548 0.725154420491858 0.830170108131271 0.914108709389374 0.966648610466376 0.998250170610899 1.0006009570688 0.990259252033025 0.971346687274376 0.958224808373012 1.00640211928294 1.00319103732855 0.909640992740103 0.817607800092947 0.803224728363113 0.809034978879639 0.842058888610829 0.843490449278124 0.779334370090627 0.816337673048014 0.847229853232267
0.622505905506978 0.663407555720855 0.683742200620179 0.613695624900874 0.571660895060352 0.58848012956378 0.561938413542835 0.56811889378081 0.556543611851444 0.577558998033189 0.554995848176976 0.48942426834503 0.520336659194797 0.587535363994869 0.654735208588798 0.689454002935222 0.697307217832065 0.709802677249548 0.63555667488628 0.538382585911782 0.562528341592192 0.657544029781868 0.68126405041985 0.64746919089358 0.626229584486908 0.613137935006001 0.601386946651759 0.589746025234172 0.580632664219364 0.544763368551491 0.592050579124061 0.723467939029345 0.847789771698999 0.918037056319003 0.966385844970833 0.988066857685627 0.96932733052504 0.970830146305223 0.977803203580629 1.00515683667401 0.969400436434993 0.863143353728864 0.843358424616248 0.856420251392467 0.846469222486917 0.846569645277798 0.84627370645745 0.801758312196268 0.848111789419546 0.857014934709642
0.670687112204597 0.69754930807489 0.72460971454853 0.685216703211955 0.711888660335228 0.677363558528218 0.667118875436375 0.681331332910332 0.685561063060135 0.634881517889956 0.620422206092202 0.594725691666184 0.62992091336238 0.658682353863066 0.669072081312038 0.66225922373135 0.696957351248665 0.702745863365659 0.594300098192317 0.55642391251091 0.609216009706527 0.64109517213734 0.645805787028313 0.635500700606792 0.616282758185688 0.613809194059723 0.629246279727066 0.629287009469323 0.601544148046338 0.533531848835627 0.53803613450514 0.591181124665901 0.729512400018982 0.821512221471415 0.874462243349672 0.947075948413043 0.970308561689746 0.970989031737266 0.98362259254755 0.997394273616637 0.928885591128694 0.848952118679746 0.887675049669673 0.907832983574541 0.883717961883349 0.883560217568388 0.91248652657273 0.860576764506101 0.868814403932855 0.857852815475736
0.739164455880272 0.697182641358641 0.70480748857818 0.764238737859452 0.748377761289015 0.689177084553155 0.675939018275194 0.687168805598414 0.693752121748899 0.694728778771487 0.699911416590532 0.686127745064769 0.681809074662203 0.673878115714895 0.677173994069252 0.681258043619303 0.69170683313288 0.705318382413429 0.623115565464983 0.545421448678874 0.56757933930825 0.618995889344775 0.619555356761999 0.604427303835105 0.584480565623221 0.619655042849847 0.673427198182541 0.669753137414649 0.632361870015682 0.558187853710874 0.548264809498778 0.588620506569981 0.624702279417002 0.693954635293974 0.834217215467696 0.902505751373848 0.948585265522575 0.980839495495329 0.987195358879124 0.979931103515798 0.943790578399919 0.879068444627096 0.932637821850928 0.976043980915431 0.955453799974934 0.96116526535245 0.968471321853588 0.927499637991935 0.884293124785477 0.909803731951457
0.540688939723386 0.570127935757308 0.641572512143536 0.636709578258939 0.721725264953116 0.702176813559348 0.644364153030968 0.645371737625556 0.659270128636483 0.663296533501762 0.679249164883062 0.682419748155547 0.688025273422178 0.684721394775453 0.689232413398169 0.698602207943339 0.697250577114833 0.7012680060183 0.702842514833055 0.643921123136567 0.592437105943259 0.592953279767153 0.607590594910177 0.63258136912328 0.63218836513138 0.646760288140714 0.710003542488082 0.767104870680496 0.693831683799407 0.629091628434496 0.588439192887084 0.606032292642753 0.627914006780416 0.664659825976745 0.771699430689103 0.837011717560278 0.822328192900997 0.882342785374445 0.965217329495385 0.989993205380453 0.98870981106971 0.942172997879586 0.985680209686562 1.01194954259968 1.00574334700023 1.00999718156424 0.987434318796314 0.969485154349079 0.90495370574281 0.914550415219709
0.375576093772977 0.481673006058824 0.553658424168495 0.489360057632958 0.589005036396284 0.688499813598727 0.638415247714442 0.610553231961109 0.641130088062548 0.662024349469511 0.672200871765619 0.669467159259797 0.686776680504095 0.699150593218766 0.713128874363991 0.725085508240991 0.719621819266592 0.710179842913004 0.719344318986201 0.703876681748837 0.650664948593393 0.617951355040861 0.61140404008467 0.642627288020795 0.657191726506208 0.678271366551475 0.734783928677994 0.81487090489576 0.754442848832661 0.652769283260707 0.620680618798106 0.623356313609277 0.638421996905656 0.649649814997966 0.712944772063425 0.790869563676602 0.778703724015255 0.845392933042672 0.966177068686751 1.00796600185306 1.01189955309593 1.01990752814453 1.03092528317907 1.03684704696536 1.04547307055919 1.03206711733584 1.02118753590107 1.03550117438089 0.94493672931673 0.9542402209573
0.377816762353029 0.407690628463972 0.452693841899534 0.468690881947062 0.539586651967921 0.681219303586142 0.687949846071837 0.654818854367055 0.64574160431198 0.643669168257372 0.669735210433751 0.672410965700989 0.675582831730617 0.708208811248668 0.726677293914805 0.733688225171996 0.732131173907287 0.71704383185283 0.722288246357622 0.728046860904626 0.70739394712371 0.670841906483763 0.670404868628514 0.698089403941631 0.688002712835926 0.667417510597251 0.66506388912936 0.759425028782445 0.716603061369132 0.650366441251576 0.698066364706127 0.682709223298939 0.698843911913217 0.700976211208536 0.704593854968191 0.762492474795846 0.819984452080215 0.902989471639523 1.00051478552261 1.02397155645329 1.02903061056731 0.994745775172141 0.972364032051021 0.993615643433131 1.01522337748476 1.01483895191502 1.05261778598596 1.05131171549905 1.01362962813173 1.02929847900603
0.428143617586598 0.479908636496584 0.486997280614776 0.512277289146712 0.542292536650536 0.667622730975522 0.721391210475762 0.715448774638239 0.694252480835126 0.658618064095902 0.661506796928353 0.688933344392901 0.695592582738847 0.700797224108636 0.702415304400103 0.724493606162779 0.727146069162453 0.726944366325163 0.730023069037637 0.734665906381977 0.733442068087383 0.737322803682129 0.723632521465338 0.740995354646531 0.696732082965373 0.698308570437081 0.701315254254804 0.744142725627098 0.761453495119372 0.766224613090968 0.752126474996999 0.763130063280713 0.740584518005734 0.744126827787611 0.73177487331366 0.750112435773334 0.836753464657703 0.911446951484556 0.980683275148053 1.02531223971755 1.00020340726992 0.908281936270363 0.840109275068652 0.855422154208411 0.922989814590499 0.965178143077664 0.973758551041194 1.0301195329582 1.04559923547922 1.07515423431566
0.440417059818535 0.493274679558996 0.516428940842807 0.554338944330643 0.575285606523496 0.645392850445278 0.71897810582805 0.72811013175981 0.714261405753306 0.70915583957478 0.701810814282109 0.698611746471598 0.701387066313348 0.698308896191632 0.693801968758646 0.71023113451118 0.723207815334725 0.734699088886441 0.728751062290726 0.732300581157272 0.741704589113182 0.76032680653957 0.76059450351143 0.763625968355387 0.755811534577824 0.754233591188268 0.764861707600262 0.789241959382664 0.805753081215369 0.829472318916712 0.824178128665913 0.815431092398617 0.742071581621297 0.753302497943639 0.770436273600667 0.773421347945554 0.829695746176696 0.911773916282925 0.936758407266586 0.944474273477741 0.927984063325036 0.884847988798641 0.827666553410116 0.813097363212437 0.883733759321875 0.864544938433898 0.835365886487001 0.977743896802215 1.05585698132288 1.0912828851396
0.392097776335942 0.416696377929336 0.49331692135875 0.591896912497801 0.606694859758863 0.660953803107055 0.717487758257862 0.73636421493137 0.716680854302238 0.687281540909515 0.685780438970107 0.699135968806447 0.710498606129012 0.677146860181303 0.662976160924728 0.69524446555679 0.722787826234181 0.728761153482333 0.721173719791205 0.720150897545683 0.732544494924462 0.766122998127202 0.782458347207333 0.769805721147201 0.775676396244602 0.781068499244647 0.797524372505052 0.831156184282924 0.862646475522001 0.843601610192622 0.863029184240137 0.827794944454234 0.752480759099128 0.763586676415835 0.799662015396733 0.798935219145549 0.844276193429936 0.918641025183647 0.949402416570915 0.95452369944591 0.937838726471374 0.883740481698642 0.904027350451022 0.825790559042005 0.793330616639334 0.752716275566975 0.814321288581504 0.933110623174057 1.07607750818646 1.11002231654572
0.431508035243195 0.433796863773431 0.590041480185707 0.76207621705014 0.792787862453924 0.799663525447021 0.770571539787031 0.743741604578574 0.722200452230084 0.689003445197069 0.681113686509574 0.689432239295384 0.6866687482938 0.654287942935818 0.654259483540605 0.683075838963983 0.718537040432915 0.717864311389962 0.716190106586514 0.719378523845111 0.735078914638112 0.764663661391639 0.798235166032939 0.787149112084275 0.777432097668462 0.791954227980096 0.79843261690761 0.805879725498053 0.851760846552316 0.866138897506273 0.840787482357238 0.805179273696289 0.775162533963359 0.778333030994482 0.806792274330323 0.829804577341447 0.868313894206717 0.940169500994902 0.955124658943393 0.921041424461985 0.968426857427975 0.969771895646008 0.939504214577516 0.807604589725538 0.805930397063626 0.791737108647793 0.851665424713418 0.988541831788004 1.09741363530048 1.1308300240876
0.527705582628606 0.480069895828941 0.504469073860764 0.64615597069845 0.774428892962823 0.811978864003177 0.788153366938454 0.750618929966072 0.71950140975082 0.688347755988921 0.685868604816767 0.671642830699267 0.667153747570819 0.639517252143819 0.645149631364073 0.678111141068393 0.714236436717255 0.716483870076785 0.71532476655913 0.727303340917388 0.741991221643159 0.763061299766651 0.804842311802409 0.806016253981424 0.786166917421749 0.79588753063211 0.794599563179275 0.769458663367 0.806339799564755 0.891740556739159 0.836341272843126 0.817394708727666 0.812101424639389 0.820031155786242 0.845775511906733 0.884857838735872 0.915926651070719 0.961625341225101 0.944444359536186 0.893642408202814 0.990421798061163 1.0100195791885 0.947111281312414 0.8196117918898 0.837747940624857 0.823674459081261 0.842553273449456 0.9803743146325 1.10103979198555 1.14178400168148
0.636771663421216 0.606489366067641 0.571944606789122 0.561166413125655 0.65985300074269 0.732614516387602 0.750993856760099 0.734150856406233 0.706324417499654 0.683673689307766 0.680436733949736 0.672234717650836 0.668254637813954 0.637724568653731 0.652310184165163 0.67471679953922 0.723625106282165 0.737009499257538 0.734841808399096 0.742055582099064 0.757919087615416 0.779744844599451 0.815905034766315 0.820291100566587 0.792781406353953 0.795391656420125 0.804329274482841 0.803186652199944 0.827022656137145 0.892192802841402 0.855376367565203 0.861705979154759 0.868831059562929 0.870826163677023 0.869255319714252 0.903726223006368 0.945708669426749 0.97440924260308 1.01121775886811 0.981801009954804 1.03229620809942 1.02243055000908 0.93332167224494 0.834569710421306 0.886808060928012 0.892738247932917 0.921919060574988 1.03303003605922 1.11615675807519 1.14403929976186
0.7324409852492 0.662784560643411 0.598431369820256 0.596852306617502 0.61906940180926 0.641150417187153 0.639980927564326 0.660037838046727 0.6934879877558 0.683370908414842 0.66486863099721 0.651742755038533 0.659238078241221 0.678194199262596 0.681166540148567 0.685587044964567 0.729396879662981 0.757238128668917 0.758976735556999 0.756104368996264 0.76620076899857 0.79163324425756 0.805911923355942 0.841256986445868 0.811927308035923 0.796674440836023 0.80466062950405 0.811757566810354 0.828390293850571 0.90463911186363 0.948833328219972 0.9118574780187 0.900359993295818 0.902964700485924 0.904026623524006 0.94328625354052 0.977507036506749 0.998479029484455 1.05699144037955 1.04603264848897 0.980848539011367 0.912298875480553 0.896707685132101 0.932780748628104 0.90665134972871 0.854291518550741 0.897287812348817 1.01821341128819 1.12315716532015 1.14989709200285
0.753480103804616 0.675427506158249 0.579851456055535 0.598605087231935 0.676036719711828 0.709536655673845 0.641561770251684 0.619996577741696 0.669181724534374 0.680256968950586 0.655388796996317 0.63761452761563 0.657740207948795 0.682920389277915 0.699603862053461 0.711344325884271 0.750480339605003 0.794741301569446 0.799277368578913 0.786632782625438 0.768551321091506 0.781606092109555 0.794545972500318 0.867093027621993 0.845061562123459 0.809242236061278 0.81350089151925 0.824886007054655 0.826332209817409 0.880623034261207 0.973497997396929 0.956200841043974 0.929429124785426 0.952573733356898 0.975344827596909 1.00758276647574 1.00293849808894 1.03007090463547 1.09083371138563 1.04819718482406 0.924129561178266 0.854154653137328 0.847766336684253 0.905956726494978 0.917127059821128 0.93783649678814 0.99151594429278 1.05390998836334 1.12185751487776 1.15457438596441
0.750287065759457 0.689559712266754 0.598218209949138 0.586620631973913 0.662571772227169 0.657496355932054 0.631660977468544 0.65164967404996 0.665022164460187 0.679359838931247 0.666685393258051 0.654576633433425 0.654497607814561 0.672630089031448 0.69936681675131 0.745847268500019 0.769128728633556 0.80984914908205 0.829009573000145 0.818142482123513 0.778770912706412 0.77347325407611 0.793440766887804 0.870297439449608 0.867157345724425 0.832678167972088 0.820467341122893 0.82649537238998 0.839787025104289 0.863285290922773 0.94906356154334 0.97443470139377 0.951957161372059 0.976243441401007 1.00913848498744 1.03186532106493 1.01794995012343 1.0370419755232 1.06375218523789 1.01739459203376 0.973729279911079 0.9330277022918 0.878181018174182 0.833891478014128 0.82209886693523 0.894763781817916 1.01933539914751 1.08568004344382 1.11764645174098 1.14966236509523
0.722753631486829 0.678938318175903 0.669467151703887 0.643532190334145 0.58094020770525 0.563911073573076 0.656352189007596 0.67241297114176 0.670563768977521 0.690528771336342 0.690777868576766 0.66758769100331 0.657055454476095 0.677184844407836 0.707796593573468 0.752434543766212 0.770143159949189 0.817710693264276 0.846046745060969 0.843030801003615 0.819855574537063 0.794085576899597 0.803073906912961 0.845275099388548 0.881333152010792 0.867358918411966 0.841232675181593 0.828959224878781 0.84114585598488 0.85547903261999 0.914557891944677 0.973312398101389 0.972942955419693 0.978711024554885 1.00355840550346 1.04145603398793 1.04200431827476 1.02046121660451 1.00835458736501 1.00949824211389 1.00652571337979 0.994498301374084 0.941710076570365 0.873830194527971 0.835024757418012 0.901934371902387 1.0635987257877 1.12532929642292 1.12113850482081 1.14972511674894
0.721595112613882 0.675115442576148 0.680601337186283 0.655991847668813 0.609638091649318 0.583212756403775 0.671902635772069 0.691943194283495 0.684462578738401 0.697696472673158 0.704458434385202 0.685206996079552 0.667693627638088 0.678637867561422 0.709297598507519 0.748109079590756 0.778113989251139 0.827841127414642 0.862484031874213 0.877259116266891 0.872575745292851 0.850843304225667 0.835731604302685 0.846216534730145 0.896754660740285 0.892850611079848 0.866754019537618 0.838851344419544 0.837973940124542 0.856094220417192 0.901229480482895 0.971122496309661 0.991060593923977 0.983858693074926 0.99949432669886 1.04148892589434 1.03546617607413 1.01221768883881 1.01447711565705 0.995215566973768 1.0135831766518 1.00331229316863 0.968297443513747 0.912264785589353 0.86630429603462 0.971905153724511 1.09576653675584 1.13722671311725 1.13234936911874 1.15169240496951
0.683218090783633 0.681955643806215 0.683139956571332 0.677434595220742 0.647589115739958 0.642982020788277 0.674933493513691 0.697202045338932 0.686285566278461 0.682211771725661 0.693187040838246 0.69480377146303 0.684433661488386 0.67922998778797 0.703466619717126 0.73574761212072 0.779769038274443 0.83655820422576 0.885714208920309 0.895022490852948 0.914574197973878 0.90510713108834 0.876058237164705 0.877618460782207 0.922791986304816 0.922575857338171 0.89316489968737 0.857513364640014 0.851333751559989 0.862212470446464 0.890676207161301 0.956519899236999 0.993153875788862 1.00022458310076 1.01038769407241 1.02682536523829 1.02121862610237 0.997496155917245 1.02486298983323 1.01051447617144 0.995344724953215 1.0426530855304 1.02499025381697 0.968947903128427 0.941839632147294 1.02603133961637 1.12791415936716 1.15037610654445 1.15518155625197 1.15856249725019
0.652287977394393 0.655445703134164 0.663779283392374 0.642312348981782 0.632623317920651 0.6590732203824 0.679005989154692 0.696841923197626 0.690810090833027 0.667486190561587 0.681356004356111 0.697330934971989 0.70613479317823 0.702696201742523 0.710726219289083 0.730220488407269 0.772865960753929 0.817915380460204 0.863077086915724 0.896707936501411 0.919401561140553 0.925931918047078 0.932427682645377 0.934184781762985 0.952507972994945 0.960447760366632 0.925675308914521 0.891050917651291 0.873200915518946 0.88123023130723 0.902069626529238 0.949837097021296 1.00157790450621 1.01559783620549 1.02408474698635 1.03327221402599 1.01913953324245 1.01960615736946 1.04445036332525 1.04599771233642 1.03361649516237 1.07333226457131 1.0260847860188 0.978436715555305 1.05450182544515 1.11124920158748 1.14690815572525 1.1528390975395 1.15040792424585 1.1582482790523
