Climate_data/bedrockDepth_Equal_10km.asc
NCOLS 560 
NROWS 490 
XLLCORNER -2904860 
YLLCORNER -5334205 
CELLSIZE 10000 
NODATA_value -9999 
[rows 286 to 307 of 490, columns 200 to 249 of 560]
0.686867701193539 0.705074523579945 0.716419810344189 0.729500170124102 0.71367686080939 0.682156068155126 0.661524790283144 0.653542822752256 0.646397496052131 0.632107635004945 0.613772415422066 0.603031837342498 0.593481444953804 0.594182517715029 0.595835043563642 0.594021753930753 0.59890908118068 0.597110557792651 0.591885076442703 0.586317520942149 0.58341055937736 0.581612585255819 0.584607190524841 0.586729678681125 0.593045011608485 0.585607981692905 0.573074940664755 0.571257897460441 0.575663533773844 0.562113471156482 0.538193339115414 0.526484668971415 0.518536880174931 0.520561448306679 0.531519653328733 0.553861524988203 0.56734080817955 0.562229809625364 0.576339082651645 0.56210134178614 0.53974989984222 0.533278802752284 0.554887397522614 0.5580694008586 0.558500676740433 0.548194051511118 0.551412235306746 0.556934804126284 0.536066459680438 0.535112354057776
0.712301390361582 0.731140504087834 0.722785467348626 0.71641185468507 0.703698731025155 0.681829724103016 0.662516977140838 0.649499161394358 0.633786686718986 0.619257395689765 0.60538159834663 0.59612235241355 0.587343581116437 0.589104265938386 0.596692348730621 0.596363026734897 0.603571379888738 0.600061800397556 0.592754169621067 0.58906094313157 0.584216364915621 0.582476053457533 0.583496181703398 0.587547436484259 0.593971778731522 0.591430812163322 0.578307086561857 0.571636417102793 0.574578673424383 0.56951578430694 0.55522350200481 0.539134305088722 0.526273058632386 0.519182547633806 0.531241724842376 0.550761859871607 0.555460638637258 0.554052440805155 0.56496801812733 0.565781215297831 0.562600242271192 0.543573620171908 0.559470951284987 0.561936357366958 0.550660075227229 0.555791746594756 0.556140470864826 0.558874369038178 0.537202809121484 0.538658297783428
0.742757180638414 0.738062278483028 0.721138977273115 0.708203790568528 0.684051721504341 0.67635382376869 0.667302077312424 0.644987358038381 0.630281406313941 0.615870807850769 0.605366723061676 0.600910599523526 0.595417980314047 0.598378778286798 0.603769469827872 0.609502325441849 0.61317681831615 0.613476742281137 0.613221957111819 0.604831431876453 0.597616297953873 0.588450269566192 0.579637092169691 0.580341041911596 0.590282134773653 0.582697075611995 0.577993013241014 0.56955380825708 0.554914566299583 0.563150221604827 0.572615568083184 0.55581263301122 0.54445889305098 0.529630537156656 0.544585252436256 0.547691639611536 0.545647831696926 0.546590075025829 0.555432258668048 0.560787054692674 0.568231418901602 0.566300423924395 0.568930047117627 0.561282339023986 0.550718977318953 0.554721614688363 0.549584155717347 0.553025031946709 0.545679142377828 0.539729981981693
0.752048488935958 0.736775349651042 0.721063701186593 0.694342642547355 0.676699793750351 0.674635826750194 0.664203804152615 0.640269909784477 0.62927374634766 0.61824769099718 0.608779430723885 0.606141137853733 0.597380430358675 0.596183317704136 0.606760916905278 0.62192650397572 0.634538455181503 0.630713059375193 0.637987771231225 0.627506275342552 0.607034300473369 0.591759686029152 0.585849800659217 0.589695685755826 0.581661367978368 0.568182866531109 0.574541508096203 0.566400006325901 0.560621154366852 0.568442288223668 0.567335901984818 0.550487568077387 0.555904593477653 0.552002635455646 0.557069043857298 0.551847210622591 0.558002452580043 0.554128599226643 0.551936649628093 0.563369165345044 0.566813290699562 0.574440903421963 0.563162701603322 0.558043901560561 0.567180953000329 0.569478053138972 0.560253728921679 0.554163188543522 0.545897191350427 0.540178764417885
0.747121743118027 0.738092717099965 0.720756126843472 0.679653062109408 0.670950407669039 0.677546547629224 0.660272051284448 0.634732857604066 0.624711289473657 0.611689879115123 0.60105778361174 0.601812131477147 0.602821318692019 0.61196232576211 0.623331495988324 0.628649671117886 0.638527220746041 0.632520041064161 0.634408577668659 0.62692362100437 0.61626345484368 0.60465123326695 0.601559482048941 0.589767167084284 0.575841715781329 0.570935190842553 0.575745954514895 0.570226220831091 0.574345855205636 0.572212944253663 0.563273516708652 0.562610231727521 0.563883434342456 0.568537295479056 0.561505667996548 0.5705634498806 0.57444550276061 0.562998381320766 0.557928251023576 0.558446391739061 0.569176521115655 0.569393889781054 0.555932874970035 0.547507588709825 0.551914729283688 0.554212130972528 0.549333650649324 0.546887081733512 0.545968532132983 0.540267905694791
0.755365530508314 0.738048233145981 0.709554441924579 0.669877949899787 0.669871736248581 0.681784234166682 0.66047963243112 0.637236719384426 0.622645476682252 0.617985301902796 0.608489080006964 0.60291492054215 0.598707442951995 0.61545323749142 0.623040429788707 0.620485894667951 0.623052595361753 0.619958677336136 0.620227485263482 0.617536341243157 0.610098238856798 0.597075506362267 0.594487377662445 0.577560508348999 0.567637313950366 0.569651842277434 0.581612557939113 0.575947382681301 0.563668531507377 0.553027037264532 0.57027104158256 0.577375615194415 0.560710198773725 0.575319302052051 0.572274996081221 0.580785221084558 0.577664759793726 0.546225875963822 0.549008358550751 0.54911525415865 0.552616385361227 0.558976003688295 0.550284419073596 0.545071870558214 0.545555761886475 0.5534826165877 0.551961128077134 0.542232205752518 0.538571978146524 0.534357197741972
0.759879692224578 0.728006671862838 0.698233795933885 0.67190235277865 0.667157765028628 0.673675544767165 0.664928439671558 0.638169558487653 0.623420936028979 0.619287872122633 0.615069419921939 0.607514973329627 0.613465340468799 0.634935547199409 0.629747496370043 0.622921595767938 0.620350243316493 0.611411799706529 0.607962093574416 0.608195203894813 0.604032613702398 0.583780101634806 0.577928153332973 0.567178090247456 0.569885538481456 0.575561351693363 0.582743295901815 0.570976349484295 0.563207198153507 0.556171098027453 0.544311193335191 0.546005471781755 0.557366034567221 0.568732937966053 0.570878512441647 0.573967200955667 0.577090954107385 0.540917897323747 0.539987393789963 0.540356512258653 0.535764482503348 0.54784723960713 0.544793446081132 0.538023488303359 0.534502945304056 0.535171883734166 0.533438454456258 0.528415233107417 0.526655589440195 0.528735983936905
0.754868682937268 0.722600528258072 0.693076134482978 0.677344488678522 0.670281969774121 0.675930889354283 0.664251306434418 0.644035323442775 0.634928256196116 0.628093904345975 0.62251166774098 0.618884565346832 0.630604895747139 0.635289935833873 0.634508588630127 0.630109234490584 0.619661008881949 0.602315954326767 0.603184190881812 0.605538843400318 0.594283195297892 0.579760361938139 0.57516304365199 0.573936695533103 0.573990564358204 0.577960338031391 0.581813222259832 0.570841518830977 0.561620818883379 0.55247902298621 0.542038520154997 0.546635932315438 0.551373089772767 0.567034354424417 0.578436307395735 0.566497112087597 0.56505902261486 0.538957826033082 0.536492505894342 0.533045521911026 0.527435257469652 0.541083674532998 0.542269272187067 0.539493562474784 0.535233979073092 0.533964017181935 0.534821401598984 0.533904504179569 0.532450811791631 0.5355710438129
0.75343963809358 0.721535419599619 0.699251209232754 0.688957355177044 0.68506360737412 0.690835822544572 0.678754188172039 0.666895341039442 0.655385825540875 0.647491305498868 0.636381168450018 0.637452713228074 0.639430762933292 0.638787760069108 0.636468614983017 0.633491605142219 0.625617399555791 0.607403239650704 0.607009282689754 0.604060647584973 0.595141798983894 0.57942316537403 0.581608898270906 0.594232038913948 0.588534070861212 0.578669435819321 0.575858711514089 0.563438204644373 0.568017734427845 0.550230637012313 0.550075468224332 0.558876053993059 0.560259550180933 0.576158587710781 0.579014592459944 0.557975478894846 0.542241316341203 0.53107746135456 0.536077871076054 0.532098554172116 0.529822720275013 0.534513493548487 0.534896485393746 0.536801324648625 0.537686918148805 0.540578874455187 0.54054723877446 0.540971976657751 0.546457163021643 0.546216396924185
0.753530110471853 0.730371571231546 0.716842410834687 0.703500293848745 0.698645022467187 0.693272263796576 0.678749913096648 0.675779992875941 0.668732695572699 0.663454604133713 0.654023815023846 0.656289363839364 0.655572015070347 0.649336798912447 0.649172022496694 0.642063956853397 0.634361247302903 0.623082022491132 0.609708405188229 0.61679488281103 0.617516120258398 0.595062466537934 0.599655498386422 0.606598391891543 0.595396074926201 0.583009543370538 0.581579642747279 0.573692612737465 0.577342715672683 0.559428020939805 0.555191896452498 0.562853808772001 0.567929229318369 0.5749723707088 0.570772433328659 0.560131678731162 0.54145928602655 0.534452455341609 0.537281244420494 0.532212743311942 0.535580718875073 0.536721829915035 0.543206702070444 0.540093979663475 0.542532897832566 0.541936501069599 0.546436356374211 0.54699743550398 0.555075772939685 0.546485724278996
0.753687582226477 0.744753052182488 0.734727459821922 0.713988588800919 0.706229722619186 0.694890816597888 0.69661628349271 0.695215620831976 0.678045059074548 0.674967189012588 0.675241468312906 0.671460840755792 0.666043960909505 0.660843929884311 0.655283899626211 0.643909636309356 0.638038461503626 0.622857355069587 0.609302559313643 0.616508605259734 0.612890312529183 0.60248779557463 0.605329025783721 0.610827165127474 0.604165162912373 0.603383767757347 0.587447726859442 0.576665700402861 0.582383946577364 0.563921976880765 0.557721069084561 0.56496419879194 0.572237453881696 0.572267208921688 0.56562546757564 0.561808598561613 0.552210196964041 0.544796009102667 0.544920848656724 0.544894696342676 0.550480067937434 0.550953181171473 0.54497535602519 0.547164786181533 0.55425559491311 0.554759610440709 0.551144395644819 0.545764114668618 0.551146446874352 0.55223032810585
0.752221273975745 0.747939626817684 0.739023260106251 0.722949496540022 0.708790318689585 0.698961018813855 0.702430370707273 0.69355419273601 0.684802685965016 0.685543586424971 0.687306672714039 0.674601416068997 0.670441499692858 0.659977662341102 0.649311945867926 0.642593927886129 0.63393661741776 0.617174625035965 0.613637124703453 0.614523212609123 0.606371034435813 0.602761911524435 0.606075337911628 0.606243674274373 0.616253190418377 0.629969818102447 0.607820738846381 0.581178511438565 0.584019308793146 0.568619379715624 0.559533941544593 0.566465406842237 0.575881204907467 0.5698514181058 0.561540845438717 0.568222061495049 0.558647327287174 0.550924088183112 0.552401549871114 0.553625314054443 0.554541612852458 0.559049577465739 0.550151650392935 0.552119023948064 0.557610385021527 0.568593896663814 0.576762413714774 0.565370868802922 0.554035418295479 0.551877637271538
0.757271246328213 0.749306028538778 0.728214090056004 0.725724252428593 0.715164898141265 0.705587748959216 0.70421797474764 0.698213182393175 0.69698158062385 0.696792980291602 0.686767091081736 0.676269850477894 0.67327537712091 0.658346790183463 0.649155238763705 0.64454836450816 0.636843177391367 0.615677969737856 0.611805002750217 0.616972263565304 0.619221412135948 0.614776732341937 0.605878479710504 0.606357671030681 0.60862276486784 0.616600958961913 0.614557024858384 0.600538161971844 0.593603914360277 0.574185834003511 0.568014338877175 0.57270824122524 0.574975097289776 0.567254746434452 0.561855954764051 0.567997403731509 0.558810490335382 0.559425769433432 0.573454502174093 0.570144771882957 0.565816435101066 0.56794895183229 0.562386825411356 0.568291701491748 0.573185837091144 0.596056399205854 0.608092522398704 0.595635653194406 0.576821392943849 0.571231743579464
0.770765978606242 0.755203347011785 0.738152807992258 0.736320086559188 0.727148818475652 0.718716614700164 0.712492138695147 0.708995901607172 0.709089794025291 0.69505433134076 0.682320850571889 0.677794134059449 0.680105595832528 0.662721060082555 0.653181033397587 0.645316550634139 0.637176123998554 0.61684538466514 0.614949337976447 0.620457334730211 0.624678850506718 0.620691021220244 0.620716043388765 0.610783621635241 0.624636587716081 0.632314097833286 0.632242636769005 0.625771084524227 0.606175692383078 0.584408612931131 0.576740954735907 0.574838951303956 0.576582879238487 0.571797056852963 0.568327395401761 0.573036503884589 0.572679098422088 0.583920519451566 0.591668422524465 0.580769714383447 0.580012842812001 0.578557481426775 0.578985555217557 0.584033450051886 0.589140489082562 0.608567000832813 0.617004242553128 0.61001295175139 0.598372084961638 0.586821829665237
0.779609941806651 0.767993438207711 0.755891525750838 0.746068257450699 0.73918580769729 0.738527680479122 0.732339058189765 0.723044070766156 0.716104240589251 0.695322993344461 0.678345242716024 0.676604785229088 0.676057485825887 0.660913320645344 0.653338732168501 0.640532937688609 0.631725936863674 0.622705051182559 0.61862062091506 0.625483498031883 0.630051808815089 0.637268460811436 0.63648120113538 0.629646398463312 0.638110719386659 0.631959810314832 0.639128174827565 0.640320445643604 0.618730525459015 0.599861779154716 0.584698447216711 0.578361714938817 0.582797703501485 0.580553120710837 0.579197226314005 0.581358825049425 0.592802697682272 0.594120699033267 0.593231979201643 0.591358612742635 0.590116296316189 0.590424879967091 0.590058682186223 0.585917500897485 0.588111046172206 0.600437343421414 0.608482900743365 0.605530963749242 0.604437526455776 0.601260025378615
0.764539113995389 0.769235623982559 0.762439049980562 0.745251071289324 0.743053014984121 0.748319954145473 0.746130894789394 0.737301443590406 0.724026616045396 0.703148643480655 0.684151870743894 0.674129340983364 0.666576019145844 0.65442376785546 0.646734908327124 0.641047705840249 0.636868328817272 0.635031400091464 0.634668127780741 0.636798379856754 0.64103315066964 0.651977185515986 0.662258795925588 0.653522895454985 0.648200043105148 0.63823593589287 0.64563302941048 0.642741941720147 0.632864600241255 0.615148827821985 0.604196694913157 0.599868134455422 0.597920246619363 0.589751242340933 0.589535876758252 0.59763989241035 0.603440039284521 0.598319851120787 0.592912671117575 0.595841460705534 0.598240755836402 0.594129499757082 0.595296285239708 0.595792165450182 0.607373079418278 0.618849889236236 0.619555553642012 0.623597163174732 0.638526501811257 0.64784843733225
0.759962408021869 0.767737253145891 0.768505925665977 0.756975396611881 0.759492271484764 0.752829222807562 0.743421436030992 0.73949543615133 0.73118540407537 0.720363832410245 0.699220182300607 0.683633221907372 0.672874634844561 0.65655963684706 0.651622164003097 0.649843274025134 0.650068511391783 0.655298957776004 0.652812910016646 0.643676266999718 0.643527349185218 0.650615786606435 0.670515023259535 0.671637545033928 0.664001350300534 0.659286083030896 0.663566523175654 0.659617431211294 0.655399376682867 0.63846865702643 0.627247900545724 0.620103972939524 0.617164556513884 0.610915864241298 0.607903084117074 0.609791960706771 0.608060635960793 0.601222437453615 0.602569224005091 0.61631706822296 0.635422694081689 0.654242345412798 0.680690427334756 0.653884886691067 0.629025339807327 0.637177243667605 0.630076054848257 0.638942430329056 0.659634424693033 0.670114790957038
0.766386556768717 0.77669221163777 0.775463893228331 0.771920951960857 0.771258719897473 0.759134382304529 0.748684553847819 0.740858186971453 0.737403723721326 0.730593006760638 0.708436835872831 0.696645954145457 0.691131340538849 0.674847654632032 0.668160244842317 0.673746406823838 0.678685663256709 0.68466707367052 0.675855722984184 0.65513007637874 0.652734660082028 0.658057524949108 0.660616101945924 0.673734628415626 0.676864023937933 0.677465500652374 0.678827087415961 0.683857988552611 0.684517993098799 0.666715262904494 0.646636982980465 0.634953254739387 0.631516794403717 0.627520438636908 0.625187920368887 0.624038013854121 0.626421448583597 0.629111459267298 0.643882507087118 0.675158222347373 0.708228802524199 0.741781265396378 0.773177715694286 0.788743339737378 -9999 -9999 -9999 -9999 -9999 -9999
0.771668550739717 0.782027724769355 0.76789998893643 0.772812352654922 0.774657596068356 0.766770342710605 0.757957608349339 0.747022392390409 0.744575016356381 0.735396167692975 0.718197819649578 0.710718109204812 0.704125029059959 0.688094254121835 0.682984277276672 0.693947210640414 0.699939600590384 0.704244858393367 0.694103307080719 0.66726875566069 0.670098254901868 0.674522437980499 0.665284066072988 0.666751736530659 0.682127836978733 0.706983936164048 0.701109843048382 0.706664930902653 0.706156463497929 0.686580393541381 0.653104171940389 0.641272581989862 0.646273355148418 0.658594786613015 0.661512576118524 0.668272937758421 0.674444545195377 0.680046510294843 0.700898765101287 0.739339558875578 0.74691892636867 0.753327233183853 -9999 -9999 -9999 -9999 -9999 -9999 -9999 -9999
0.78638148631694 0.787236146708319 0.778125295670841 0.776952047528164 0.774646522808801 0.774109792701727 0.763950840417364 0.750089516637401 0.745751385475262 0.737888690596386 0.72641441454907 0.721014986184692 0.711446109119289 0.699658535461077 0.699362622050201 0.701994979990739 0.693938454291328 0.694014363653414 0.690962494893359 0.677327432341578 0.682843703039875 0.680742236536875 0.684758831482322 0.685575904549527 0.701006159454867 0.740086100441393 0.735617764748583 0.738020692343586 0.735694194210033 0.724634736855192 0.701406203281226 0.685144836277865 0.694729025023756 0.695436153612751 0.691647156790758 0.680403256167988 0.679870615061752 0.70123968977296 0.700158612093071 0.760821152859405 0.786267363984078 -9999 -9999 -9999 -9999 -9999 -9999 -9999 -9999 -9999
0.790369994264717 0.787811318552269 0.782760574273407 0.782553627358748 0.774735917096439 0.77337899388476 0.768405023038764 0.756193317608109 0.74899436299906 0.736829550852123 0.730297784339791 0.722884586917734 0.718335413954299 0.709140813440542 0.707323176468878 0.701680494509201 0.688252692104534 0.683429829079329 0.687051128761063 0.686712212707725 0.685860638559012 0.685377499583389 0.691646191227699 0.711985337671897 0.732161642993491 0.729153670543549 0.728200113583947 0.72612469020766 0.724052499064472 0.720190621223031 0.708647921002607 0.688452812967224 0.691867268883901 0.694249071555471 0.698719836501313 0.695092914794763 0.694668484464098 0.734173978073546 0.739200711250305 -9999 -9999 -9999 -9999 -9999 -9999 -9999 -9999 -9999 -9999 -9999
0.790243348400504 0.790416756548539 0.785507536058184 0.777075464140153 0.770884701753434 0.775860942987553 0.775138523134806 0.767515111097442 0.75891889529305 0.745690800785112 0.74175984145111 0.734251448568307 0.727584543155494 0.713369942101358 0.704714308797174 0.696646286905237 0.683216811002906 0.675739693667612 0.681366578375173 0.699120246243042 0.711804821620286 0.721849843123415 0.726689934797775 0.727040489098419 0.725682164391722 0.713916912360473 0.710362378167905 0.707104554164872 0.710340244106392 0.71481548334143 0.71461137915363 0.716287579030216 0.736469789777188 0.735136819949567 0.732076647011976 0.738673088318686 -9999 -9999 -9999 -9999 -9999 -9999 -9999 -9999 -9999 -9999 -9999 -9999 -9999 -9999
