Climate_data/bulkDensity1_4_Equal_10km.asc
NCOLS 560 
NROWS 490 
XLLCORNER -2904860 
YLLCORNER -5334205 
CELLSIZE 10000 
NODATA_value -9999 
[rows 330 to 351 of 490, columns 306 to 356 of 560]
1.43215467167933 1.43285295948197 1.43546349622467 1.4390118532266 1.44347370820542 1.43771559853762 1.44282796771139 -9999 -9999 -9999 -9999 -9999 -9999 -9999 -9999 -9999 1.41037132827047 1.41276480662328 1.43303908738173 1.4051039392839 1.38792293049144 1.38754815077155 1.39447248243803 1.40555920106431 1.40095385988303 1.39642318489003 1.4020242127142 1.39042548694846 1.40794365180007 1.44607302224956 1.42830116207235 1.39981018300444 1.37514374992031 1.37189115626657 1.36795552358229 1.37896989648893 1.41501972903394 1.43662444068543 1.43728162685441 1.42919431626224 1.42120052250405 1.43153988633535 1.43479214043491 1.44041948279093 1.44761990982742 1.44285790196971 1.42775974700783 1.44004787689224 1.45627859610293 1.46531528801477 1.45965237521118
1.43084984454645 1.43569280233732 1.43307342529314 1.42601121917037 1.43083460961012 1.43468452488629 -9999 -9999 -9999 -9999 -9999 -9999 -9999 -9999 -9999 1.35942316055298 1.37846713323941 1.39011835679593 1.43063367616118 1.41060783633606 1.39885609565361 1.39428806602417 1.39324973642645 1.40688313568347 1.41216256517532 1.39776240331145 1.40093933025487 1.39049097446053 1.41187490764609 1.43290325184899 1.41548351593169 1.41410103513515 1.38353428600705 1.36700756794727 1.36512096335316 1.37824623481023 1.41480533059852 1.43010483624753 1.42808990936404 1.4273537909332 1.42240040113556 1.42164796786752 1.42358047864868 1.42395210665663 1.43214591114228 1.43086253798216 1.42129946244275 1.42958130998327 1.45015828208288 1.45851423921747 1.45281114504919
1.43773846491105 1.43416570504903 1.41428904810108 1.40703857273481 1.40966734042148 -9999 -9999 -9999 -9999 -9999 -9999 -9999 -9999 -9999 -9999 1.38893025947988 1.36887885567784 1.37586831192862 1.40445289773822 1.40486334656365 1.40740230263615 1.40817185072744 -9999 1.39482181227306 1.39414058497835 1.39877140538198 1.40939607185659 1.41565172605319 1.4207064181075 1.42770497826703 1.43478323331621 1.42838855428096 1.39837759867948 1.37237692387988 1.3658406731068 1.37769256805424 1.40933167734366 1.4230993442671 1.42109793474771 1.42383894528725 1.42593671482117 1.42194923916209 1.42398901174828 1.42848109405412 1.42751568296419 1.42594998225516 1.42468973479878 1.43174073656523 1.45633403710302 1.45983181580142 1.45831864580827
1.43810345988607 1.42962923030521 1.4044333720268 1.40005704924981 1.40695881843567 -9999 -9999 -9999 -9999 -9999 -9999 -9999 -9999 -9999 -9999 1.39291610131398 1.36712373523249 1.38060153783668 1.41028309632888 1.41503775292195 1.42170659955321 -9999 -9999 1.38646488999235 1.38322031616423 1.39075535194152 1.40797027527983 1.41431862920349 1.40718834988671 1.44271527849804 1.4440173166671 1.43558875829497 1.40556673496678 1.3763877026375 1.36663883700564 1.37932997922366 1.40095982827801 1.41256029834579 1.41715727549587 1.42167483650306 1.42364492304061 1.42489051797245 1.42858849818571 1.42848598584721 1.42785704918685 1.43273397475308 1.42728738285625 1.42563785404712 1.45756207442613 1.46871089846329 1.46425771389527
1.43394641387813 1.42766899850022 1.4089569481644 -9999 -9999 -9999 -9999 -9999 -9999 -9999 -9999 -9999 -9999 -9999 -9999 1.38814755792186 1.3743627124244 1.39008905473422 1.43276544261795 1.44046416917769 1.45488880358891 -9999 -9999 1.38759848612538 1.40498899029738 1.41727565808883 1.43420877592918 1.42573029286878 1.40916476311315 1.43737782895794 1.44677576508151 1.44291577266474 1.40504344693656 1.37528101422827 1.36666547468368 1.3905715163194 1.4190895382355 1.42767582365823 1.42533180972427 1.42407601458349 1.42269190736132 1.42605552444859 1.42962522674167 1.42742617391963 1.42791758625419 1.43301928405425 1.43043083771203 1.43267228768137 1.45808258123303 1.46882708057143 1.4689119442445
1.39103685831373 1.39500418399836 1.38993387315311 -9999 -9999 -9999 -9999 -9999 -9999 -9999 -9999 -9999 -9999 -9999 -9999 -9999 1.37090270819966 1.38656330348766 1.42567869276654 1.42523713154564 1.42809532261161 -9999 -9999 -9999 1.4229960688513 1.43978377104008 1.46240378014223 1.43806561009825 1.42567656596587 1.45085029344134 1.46114059417475 1.45062691412809 1.40987318197352 1.39417013670767 1.37364775375551 1.39071227401056 1.41857935372907 1.42652527817327 1.43016717602384 1.42346853928887 1.4205459190587 1.4229739582329 1.42992956626416 1.43068000271657 1.42751615747998 1.42876956873403 1.42902098561483 1.44497787291951 1.46098886087834 1.46739029966491 1.46914642370888
1.36547713221586 1.35424382970756 1.34882230070444 1.34854619532469 -9999 -9999 -9999 -9999 -9999 -9999 -9999 -9999 -9999 -9999 -9999 1.34154132899333 1.35463485881505 1.40632010335953 1.43270387607212 1.41201451703069 1.3969862386739 -9999 -9999 -9999 1.42032441275844 1.4364968635382 1.4655935178949 1.42526745589028 1.43426418883612 1.4556213028351 1.46899853938249 1.44800647288112 1.42200955620086 1.41508917280151 1.39850849773469 1.41329415918172 1.43476452604476 1.44487758222546 1.44471445209855 1.43820857782056 1.4273944982447 1.42629217459426 1.43839709838468 1.44092819347232 1.44129369794725 1.43355831234372 1.43238771983252 1.44679988455829 1.45854326721599 1.46243588348242 1.46825797920704
1.37079847077094 1.34696943291237 1.34908477723394 1.34935257671927 -9999 -9999 -9999 -9999 -9999 -9999 -9999 1.32738375962689 1.32913050309109 1.33269848501927 1.33659497440946 1.34518431232921 1.3631130416423 1.44333164304919 1.44585172867679 1.40521686179596 -9999 -9999 -9999 -9999 1.43228054046631 1.43298579659169 1.44565485807087 1.42814622458205 1.43004403687809 1.44815084902805 1.46476301471531 1.45069660966829 1.44630806973686 1.41439236928313 1.40625093632795 1.41587261213228 1.42121080783993 1.43700262231743 1.4479178632684 1.45228751561397 1.46032646995624 1.45483673728701 1.45191655706672 1.45807860169447 1.46296097142467 1.4556501054115 1.45199863720644 1.46543014234933 1.46771840192826 1.46424464362969 1.46904108773685
1.37195359444545 1.34747579134337 1.35113741092396 1.37577895278431 1.39973158102348 -9999 -9999 -9999 -9999 -9999 1.31747870688941 1.32504292847794 1.3279675286334 1.33211267537549 1.33595912238719 1.34461895511563 1.36834572956677 1.40844448548819 1.38979305970249 1.36880882288207 -9999 -9999 -9999 -9999 1.43228054046631 1.42861012592838 1.42853509520821 1.42003390216521 1.42155599875018 1.44799681285859 1.45673026027999 1.44135894131239 1.43428313190532 1.41459820621078 1.40994400519677 1.41677634418333 1.4147446236724 1.43060625828997 1.44150393048433 1.44805274629024 1.48283180484834 1.48685497958874 1.48315993921289 1.49457968863695 1.49479885648626 1.49305729945203 1.48523462733384 1.48005506164953 1.47135651095158 1.4713447729573 1.47380472045589
-9999 -9999 -9999 1.38227935244068 1.42002330965591 -9999 1.42730176448822 1.42730176448822 -9999 -9999 1.31176696212935 1.31191750783229 1.31628373072107 1.32046138397395 1.32414718750984 1.3411611500276 1.36455717825858 1.3736829964138 1.36216267504735 1.35920166969299 -9999 -9999 -9999 -9999 -9999 1.41742629019354 1.42304496251625 1.42270178673305 1.43105182458779 1.4480673493475 1.44779635110967 1.44545027520757 1.4291555589824 1.40971712813206 1.41401486802472 1.41484791963007 1.42785157842503 1.44238228549031 1.44569742573768 1.44810681081163 1.47592734909687 1.50821192359376 1.5156315656593 1.5211426401891 1.51768929449433 1.51562548142294 1.51115126386708 1.50000075569314 1.48162643224771 1.47590094054776 1.47649504632043
-9999 -9999 -9999 -9999 -9999 -9999 1.42730176448822 1.42730176448822 -9999 -9999 1.31232847542093 1.30678210107883 1.30502235403513 1.30993209766152 1.31424707358658 1.33185346901613 1.35550530814883 1.36221395499338 1.35811200335069 -9999 -9999 -9999 -9999 -9999 1.37664488500785 1.39900039074755 1.42649824096492 1.43003644068398 1.43532833583893 1.44378159890077 1.43968374859524 1.445172417862 1.42763416975525 1.40884317292546 1.41203799409613 1.41965383714073 1.4276815092642 1.44084850579054 1.44416768340065 1.4556219287482 1.48387893090062 1.51874990335953 1.52455064587927 1.5229438858384 1.51917433006052 1.51559871749142 1.51759287318237 1.51012021568874 1.49208097639499 1.48232594677068 1.48301773306332
-9999 -9999 -9999 -9999 -9999 -9999 -9999 -9999 -9999 1.3135606275498 1.3160083361661 1.3119011162573 1.30317855954043 1.30930598794188 1.31311699775053 1.31827639453288 1.35383152793189 1.36028705865231 1.35689939992437 -9999 -9999 -9999 -9999 -9999 1.38674461682512 1.41909235681699 1.44167386098527 1.43507032621309 1.43650733623385 1.44046163711303 1.4373528411877 1.4497223090579 1.43741054489621 1.40733154172007 1.41016785276462 1.41729851561585 1.42017844405222 1.44038716500652 1.45532385277632 1.4701654078796 1.50151824711205 1.51761869403051 1.52322473842183 1.52104323230537 1.5144361877362 1.51320277723686 1.51131205101428 1.50901184899443 1.50523972142492 1.49760462086424 1.48877877942966
-9999 -9999 -9999 -9999 -9999 -9999 -9999 -9999 -9999 1.31309064564183 1.30961004915527 1.3117735019854 1.3030701760968 1.30795545135056 -9999 -9999 -9999 -9999 -9999 -9999 -9999 -9999 -9999 -9999 1.39283587426404 1.41846056700093 1.44560464526603 1.44483727774096 1.44692189380953 1.44594268555855 1.44452788333971 1.44707293940812 1.44926595417883 1.41651162069756 1.41142008434508 1.41119503879787 1.42006374453796 1.4327805645846 1.4560134020293 1.48739880495018 1.50389190611661 1.50407644292166 1.51281702417016 1.51216930446407 1.50351282442517 1.50278064648686 1.49862083003669 1.49351319012288 1.49390115662505 1.49202664329366 1.48408617856881
-9999 -9999 -9999 -9999 -9999 -9999 -9999 -9999 -9999 -9999 -9999 -9999 -9999 -9999 -9999 -9999 -9999 -9999 -9999 -9999 -9999 -9999 -9999 1.39580067040782 1.38939533653691 1.43803015855835 1.46124361091938 1.46721436379299 1.46493637912081 1.45638079382907 1.44960671448016 1.42577910204526 1.42127961212727 1.41362183598163 1.40516536999537 1.40113219135804 1.40580417604812 1.4185045931238 1.44584234932207 1.46842658867517 1.49273938074682 1.50352064315403 1.49992213198946 1.50257493728772 1.5051892933107 1.50309588750687 1.49403846592456 1.48213719498882 1.47895209558214 1.48142115916752 1.48533596937617
-9999 -9999 -9999 -9999 -9999 -9999 -9999 -9999 -9999 -9999 -9999 -9999 -9999 -9999 -9999 -9999 -9999 -9999 -9999 -9999 -9999 1.39061246040486 1.3973135799817 1.42102916208711 1.42621116501956 1.44485745340465 1.45083724497696 1.46134007999666 1.47402758321702 1.43731768035463 1.39738852839586 1.39238407020322 1.42062280254415 1.41216442482633 1.41970638879374 1.41765628757735 1.40206755405237 1.40385758434411 1.4259314325665 1.46079102388706 1.48995457077427 1.50357808245259 1.50243583487449 1.50847830829435 1.51398792232825 1.5148286593222 1.50588028322951 1.49426348043586 1.48420688615144 1.48505414339152 1.48730399732688
-9999 -9999 -9999 -9999 -9999 -9999 -9999 -9999 -9999 -9999 -9999 -9999 1.43170310197522 1.43901243538401 1.44645753716499 1.41571263270826 1.38989993939001 1.39663945600465 -9999 -9999 -9999 1.39177953182539 1.39837731492645 1.4160995904705 1.436934157506 1.45001692540893 1.44212638390116 1.42167473956915 1.40988930217917 1.39440221768669 1.39710519726768 1.40895268568731 1.44870095691971 1.44243644667272 1.45531319793428 1.44970565912758 1.41206788955361 1.4163150256666 1.44268656321362 1.49966711801696 1.5197258074219 1.51840583644523 1.51961008173212 1.52552421731988 1.53142720059593 1.52881105782972 1.51190015072232 1.49322558976254 1.48659519009262 1.48884318368428 1.48773469782604
-9999 -9999 -9999 -9999 -9999 -9999 -9999 -9999 1.45070442951482 1.43993187386966 1.44494662909773 1.44222777714068 1.4352962571291 1.44079639273488 1.44576600677184 1.42478534596452 1.40629396165762 1.40955137705163 -9999 1.43655180931091 1.43655180931091 1.39536663904222 1.40610528709947 1.41172710948585 1.41964026916239 1.4480805637235 1.4412665277742 1.40900259324502 1.3845165409059 1.35355326065816 1.39498246365403 1.41218798722051 1.42157224289051 1.4501511587411 1.48640536304537 1.4627475865171 1.43120426433388 1.44353143941341 1.47420492890076 1.52922692412557 1.53440712257287 1.53198156440656 1.52880019558289 1.53423847676557 1.53279222055582 1.52728980660463 1.51155218481136 1.48593285621371 1.47952054689853 1.48687300892025 1.48713593769685
-9999 -9999 -9999 -9999 -9999 -9999 -9999 1.46060871828536 1.45214097237442 1.43955971055097 1.44714663863912 1.44315927873757 1.44046051332879 1.44283904931268 1.44339810565929 1.44511249925524 1.44246580391273 1.44104773648751 1.41129608711946 1.38327733524639 1.43631547839213 1.42752310677954 1.40705806641218 1.41126063345125 1.41774513873828 1.4433826740376 -9999 -9999 1.3300154209137 1.34919392981033 1.37776123042482 1.408662195321 1.43156979826925 1.48394307249806 1.52010730126636 1.49097780893804 1.45078314857844 1.44379857505289 1.47640459131906 1.52248605446926 1.53365336519078 1.52970750648101 1.52248548981986 1.53326024382651 1.52730072476853 1.50829518488488 1.49709050414149 1.4760087085115 1.46886604362666 1.47703935518921 1.47897211850703
-9999 -9999 -9999 -9999 -9999 -9999 -9999 1.45097388342209 1.44302266374357 1.44118943491268 1.44933357198597 1.44666775917501 1.44239584356096 1.44397221004561 1.44270780135503 1.4442043626949 1.45078768067163 1.4418047661682 1.38847210068537 1.35525701574105 1.39844011487892 1.4053660918564 -9999 -9999 -9999 -9999 -9999 -9999 -9999 -9999 1.37687777864561 1.40913740435411 1.43396095539021 1.48469827282887 1.51885982442057 1.51269566790204 1.46798292894719 1.45541955247489 1.48004129276241 1.50635197894873 1.51761411777323 1.51960306210249 1.52059823802918 1.53200485871508 1.5327085882703 1.51323311907197 1.49390264955376 1.46861263193806 1.46073815823861 1.46592697767382 1.46970594569289
-9999 -9999 -9999 -9999 -9999 -9999 -9999 1.44486009432042 1.41217370258645 1.40867657409137 1.4294413415672 1.43803019851661 1.43718314552343 1.41597290920531 1.38762078407804 1.37629290733194 1.39168393362477 1.39644589585816 1.35885775995401 1.31542823957868 1.33586243485154 1.36129112620148 -9999 -9999 -9999 -9999 -9999 -9999 -9999 -9999 -9999 -9999 1.4085894430754 1.42255955550351 1.46901538767715 1.50824349940657 1.4862398161931 1.48815061111434 1.47391765860347 1.49123004846167 1.50291602802599 1.49943799657259 1.51635009406474 1.53224616735919 1.52986428241484 1.51868854607851 1.50278489215365 1.46398935587953 1.45197981232939 1.45627191268866 1.46409907968193
-9999 -9999 -9999 -9999 -9999 -9999 -9999 1.43168950080872 1.38118479409331 1.38566202964965 1.35334831532405 1.37323330281201 1.38395864706381 1.39399069885795 1.35239368950128 1.32812065021635 1.33970855999634 1.3517931690363 -9999 -9999 -9999 -9999 -9999 -9999 -9999 -9999 -9999 -9999 -9999 -9999 -9999 -9999 -9999 1.37467824767774 1.42347647961887 1.47054686269883 1.49455619635859 1.5008171259726 1.48157004741999 1.48633075641511 1.4990704315023 1.49255136999143 1.50890260489378 1.51400314174598 1.50406534248951 1.48688019969851 1.47762172829276 1.458704407714 1.45403558871872 1.45345390040684 1.45925592530923
-9999 -9999 -9999 -9999 -9999 -9999 -9999 -9999 1.35234211433086 1.3824015924701 1.33034578490378 1.35188156465181 1.36222176353844 -9999 -9999 1.32166370902427 1.32991236883358 -9999 -9999 -9999 -9999 -9999 -9999 -9999 -9999 -9999 -9999 -9999 -9999 -9999 -9999 -9999 -9999 1.35979042066995 1.37730412742759 1.43745191070975 1.46806902917653 1.48272136495762 1.47987893007834 1.48282374074188 1.49280123285797 1.481265310071 1.49903649483531 1.49572532795107 1.48838151132452 1.48044935633138 1.47088492225336 1.45101894849891 1.44966540398156 1.44973555877836 1.45481923591007
