Climate_data/bulkDensity1_4_Equal_10km.asc
NCOLS 560 
NROWS 490 
XLLCORNER -2904860 
YLLCORNER -5334205 
CELLSIZE 10000 
NODATA_value -9999 
[rows 264 to 285 of 490, columns 204 to 254 of 560]
1.5036327738792 1.5067992016608 1.50178842321194 1.50499565262438 1.50614155464245 1.50594194055383 1.50715354038575 1.50938405825621 1.51255688691222 1.51104704863806 1.50563427848666 1.50106463761321 1.50707863246806 1.51230218741693 1.5065626290707 1.50724592603402 1.50823876358746 1.5016093945299 1.49152899927874 1.4887998404764 1.48559883353526 1.48364245769296 1.49851344301962 1.5178287480851 1.5092031583635 1.50010337836877 1.49557357843089 1.48871617772938 1.49701479668266 1.49949148574328 1.4988949470335 1.5039229794538 1.5159603443202 1.53497697814962 1.53118424739997 1.52994113822017 1.53175861415677 1.50656103161281 1.49103438876755 1.49915049932124 1.51302776280336 1.52735823544282 1.53301246558771 1.52714380955342 1.53006358035836 1.53675690846854 1.53358577097902 1.523441066511 1.52162691611342 1.51923355094099 1.51245629455103
1.50539617494121 1.51184537793824 1.50612874962132 1.50609736013081 1.50282996997232 1.49767982582639 1.50120208544936 1.50956961917982 1.51367712995963 1.51319022436961 1.51372831708725 1.51191861563295 1.51270939122352 1.51309344796288 1.50822594834017 1.51321211069915 1.51441939089499 1.50730141383578 1.50329770554452 1.5047966912897 1.50080394377968 1.49146703057989 1.48843623852805 1.5194871125411 1.5288097954729 1.51638705646701 1.50699808116398 1.49185452151566 1.49592894240689 1.5041037621401 1.49931443450323 1.50811056082879 1.52072982817818 1.53386659357889 1.52671021023845 1.52965060941358 1.53851682265413 1.50821884515857 1.49774433279769 1.52223921333952 1.53354931786904 1.54359205517713 1.54485204930448 1.54077294695649 1.53341356159175 1.53324005305559 1.53762416579975 1.53016412161262 1.52864270282332 1.52770836820433 1.52680556780033
1.50923995606102 1.50956642873256 1.50823770135876 1.50408918893169 1.49543564285074 1.49296591335008 1.49662608697093 1.50695814799429 1.51153633663711 1.51123002072802 1.51927934806821 1.52504139644715 1.52329400529188 1.51924587379752 1.51372398560523 1.51460593763699 1.52077147340962 1.52260492293746 1.52247163117451 1.52860437933539 1.52522315237975 1.50678922287583 1.49789238751716 1.52266362423026 1.54514899348282 1.53794303157714 1.52496044220797 1.50234414645239 1.49353271801216 1.50977643600907 1.5171100958989 1.50756143615907 1.50839418102238 1.5185479199642 1.51875683765356 1.52399178474176 1.5354100108931 1.50165780003305 1.49460658930473 1.52043860359689 1.53050087086388 1.54610213742994 1.54871556032716 1.54679934998789 1.53609262320549 1.52971118059847 1.53690065654165 1.53535055454618 1.53312136350335 1.53627992860493 1.5350870557568
1.5160039752995 1.51229882178941 1.50443295345447 1.49919036289059 1.49627879529194 1.49125875108168 1.49257937851587 1.50354358436728 1.5096400108107 1.50941784845605 1.52120927945539 1.52621844426205 1.52536451695441 1.52376031172944 1.52039457812695 1.51769480420664 1.52468456108655 1.52930694450348 1.5316758184796 1.53605947171861 1.53250801569311 1.51481803213207 1.50676940131262 1.51600119946538 1.53394773375584 1.53372251325368 1.52968439897296 1.51167546131035 1.49634442637778 1.50755958510363 1.52020323881094 1.51080116850509 1.50524880321999 1.51122582743047 1.51592056061045 1.51653638003964 1.5166012816623 1.49560107274002 1.49010808214446 1.50345732181243 1.52259271871399 1.54628049033827 1.54926836360329 1.54656978878359 1.54014126252238 1.53483337496397 1.54066778952876 1.54084504525809 1.5323837630203 1.53981246659148 1.53725570742612
1.51359127391656 1.51302472732503 1.51054969569109 1.50287799789938 1.49093884988931 1.4844289954796 1.48637640145074 1.49736613442862 1.50352106642521 1.50428610380239 1.51020889547024 1.5168669885871 1.51608287664847 1.51729720965819 1.51672012504997 1.51915295706302 1.52540030006928 1.52692613650457 1.52566391502416 1.52575741994614 1.51658904477633 1.50244258635921 1.50450249044628 1.50873042488966 1.51491903663952 1.51480897743767 1.51598780415322 1.50930891117291 1.49932908484476 1.50353490939728 1.5051217367487 1.50162576597872 1.50023411139896 1.5271511619323 1.52929966459622 1.52761080131952 1.52443848810011 1.51164537237979 1.4954072280474 1.51329627208286 1.52164520819378 1.53388638414771 1.5424332168393 1.5435078137431 1.53895489461809 1.53714021023519 1.54262707189176 1.54441942855882 1.53589861855792 1.53953863822307 1.54330412033628
1.51077752486091 1.51112082380062 1.50522948044259 1.49243498007477 1.48366370372294 1.48250553865468 1.48038704455923 1.48573146222575 1.49297266597689 1.50002300530446 1.50488010095897 1.51068978717726 1.51343778648472 1.51431275649181 1.50951474732168 1.50973860676695 1.51586110914714 1.51620798389993 1.51668774868107 1.50421851398498 1.50199142182677 1.49864440035489 1.50090375845239 1.50293722023335 1.50798826923382 1.50478653963153 1.50688859613518 1.50805749983379 1.50629164045077 1.50060290947775 1.49834420590856 1.49857200391235 1.50750741324609 1.52638130673249 1.53310180099658 1.5392435937236 1.53789151910415 1.5232367569124 1.50731395023739 1.51753258796038 1.52361873140531 1.53149432013709 1.53285783676182 1.53249588320068 1.53430942651389 1.53896075187984 1.54251726090505 1.54360818768263 1.53627187733316 1.53571549724443 1.54110512690335
1.4992590643585 1.48404404280721 1.47788645143299 1.48058620310556 1.48254796780932 1.48444130192588 1.47912065465252 1.48035025093675 1.48709679149275 1.48965622133023 1.48908568845257 1.49311033064621 1.50166280836805 1.50188757253569 1.49385174629164 1.49281011327675 1.49567454597491 1.49981764973721 1.50386240155078 1.50067943851317 1.50523142980123 1.49747690317764 1.49970032637813 1.50179001908245 1.50448013008831 1.50061846855676 1.50215252005258 1.50756502736871 1.50755238494444 1.50194911258048 1.49845436550553 1.50720749391062 1.51704282038349 1.52232290621413 1.5246341641266 1.52797353146156 1.52878937565882 1.50907485023477 1.50432114514017 1.50452926687726 1.50989667915786 1.51469466411306 1.51595215608447 1.51930198242738 1.52437116232334 1.52946175714101 1.52918214014457 1.53289768243179 1.52708864942856 1.52329516409364 1.52598082270985
1.4724977876929 1.46552974551546 1.4735569061271 1.4783554760442 1.47903828835711 1.48415083490474 1.48029140016155 1.48059540330229 1.48547171472663 1.4840186527698 1.48052123513645 1.48412594263945 1.48910071428058 1.48812615218307 1.48232329841729 1.48391426247755 1.487189667803 1.49077680880944 1.49569257077125 1.49667571490262 1.49833597576019 1.49589850907354 1.49955795989103 1.50154793170323 1.50340836694901 1.49777631893446 1.50480067166685 1.5079668760148 1.50432635808016 1.50358517980888 1.50477313774593 1.51363842815719 1.52037593824713 1.51888053766339 1.51678092117936 1.5167743669416 1.52196077806776 1.5077035386955 1.4973313620317 1.49671975823073 1.50001794679994 1.50145919850629 1.5051394662532 1.50475635824619 1.51140081487423 1.51697903074049 1.51906553931078 1.52122082607301 1.52215500418328 1.51869149538044 1.5175527912379
1.47225947971257 1.46930771683528 1.47232757079328 1.47996780340504 1.47867411117618 1.48152627927298 1.4815919672979 1.48358380032066 1.49484992850875 1.49441808559488 1.49268876266537 1.48735298457 1.48772880980805 1.48763843095293 1.48415250488772 1.48364943110179 1.48567631709575 1.48671485295711 1.48868689445411 1.48950448824478 1.49010280680626 1.49259935889602 1.49439637544222 1.49921047968462 1.50394866248624 1.49739990416906 1.49933668611616 1.50002328302198 1.50516012587906 1.50635208042824 1.50630616990921 1.51313266632153 1.51469043862876 1.51251686157944 1.50747508501939 1.50214505653494 1.50313410754153 1.49970740443583 1.49776835849021 1.50284978097526 1.4959414840835 1.48937998988017 1.49190859720099 1.4964797375505 1.50069027876937 1.50532153074899 1.51024650884174 1.51591299059147 1.51790131143548 1.5175906747729 1.51572754792999
1.47473115946463 1.47487429880088 1.47863109193596 1.48121397803644 1.47534680203142 1.48028105083694 1.48565491257371 1.48590994361105 1.48547347552111 1.48336582130253 1.48680555912319 1.49061503533219 1.49207062237521 1.49248620005052 1.49039616408909 1.48163827205656 1.4870985664673 1.4839704684368 1.48159873066614 1.48322133194211 1.48768713193557 1.48766679930795 1.4859167562263 1.48984341340997 1.49115145504987 1.48975118069706 1.49474216984728 1.49975611612808 1.50340243634583 1.50286617696006 1.50039092997718 1.50315405422564 1.50223491049499 1.49846831951086 1.49818490141532 1.49476137881033 1.49132861092238 1.48728707079425 1.4926287412236 1.4960149064331 1.48864364991843 1.48738217015541 1.49218166113771 1.49759101871821 1.49761020191879 1.50111341603831 1.50263595426651 1.50721215166704 1.50784186781132 1.50707213510001 1.50163350213001
1.47470252521753 1.47706049871034 1.47905505564073 1.48285889832603 1.4794715258931 1.48389261846429 1.48819209321703 1.48617049469311 1.48377653366078 1.48233227769036 1.48513947928829 1.48988671089348 1.49145662338218 1.48953579833112 1.47852200363884 1.4554251432324 1.47425067506333 1.47825386972144 1.47942290419111 1.47875838610968 1.48612923562238 1.48592632656788 1.48639163956922 1.4920536615632 1.49099879068623 1.49195493494304 1.5004714123039 1.50949288387121 1.50970218443782 1.5063165940181 1.50274208185528 1.50419999333721 1.5027240236 1.50110340946288 1.50001554828472 1.49900322530494 1.49633169358503 1.49535503282404 1.4914087655692 1.49046434279271 1.48904591126655 1.49401918848513 1.49879918464701 1.49899126150678 1.49447464589247 1.4975166254716 1.49985797259552 1.50113035682997 1.50294614588422 1.50209350252147 1.49632070982056
1.48098407235681 1.48781822928761 1.48672042537766 1.48879182468675 1.48937453049487 1.48754345690575 1.48973105408847 1.48665210857193 1.486832122177 1.4862021825389 1.48577399610943 1.48812377410801 1.49014468096098 1.48533458407282 1.46560459914587 1.45621668842223 1.47342211016464 1.48528460676799 1.48998296284111 1.48485658178298 1.48707943412633 1.49607345346694 1.49811021023201 1.4983709626222 1.49401120652697 1.49702087608118 1.5024236679733 1.51192970611964 1.51276635013881 1.51076487895081 1.50877697422622 1.50565817576685 1.50417500624253 1.50446600121097 1.50344297042252 1.49714820944487 1.49733139512665 1.49556502263628 1.49093570638095 1.48944149995924 1.48806165246263 1.49438706571456 1.50100948357342 1.49982321955691 1.49424225626155 1.48726341418759 1.48448907151332 1.48398863792529 1.48810174634555 1.48860436458562 1.49056520471597
1.48662959179878 1.49090933906125 1.49244469215834 1.49403836641058 1.49051026865486 1.48866401856483 1.49304575343353 1.49323653396743 1.49039271990856 1.48748947848833 1.48683608640958 1.48537058352519 1.4865365981285 1.48276900456285 1.47552270712062 1.47645502002883 1.48515961473237 1.4919867261205 1.4951929892276 1.49081052497816 1.49131471743779 1.49813195648914 1.50106488491905 1.49970099872808 1.50216325388605 1.50528450772259 1.50926927766468 1.5116751953842 1.51211075306303 1.5120992703443 1.51302720453817 1.51064029815132 1.5079532947779 1.50738108283648 1.50405559597562 1.49637898075445 1.49756764653953 1.49784844345261 1.49759696013877 1.49709517508592 1.49663622345159 1.49885680842234 1.50115187977867 1.50267074407982 1.50125959596144 1.49782184249079 1.4873578347185 1.4795450509877 1.47802417542761 1.47925283782244 1.48495525187779
1.48564077395211 1.48906692120931 1.49547523835367 1.49723330562826 1.48628645333697 1.48460755923971 1.49120606258623 1.4958531397568 1.49099906329025 1.48845444073061 1.4862228205419 1.48207781766412 1.48403211641767 1.48515648680828 1.48600697447962 1.48941348779697 1.49162937428828 1.49238084718971 1.4943956810812 1.49410087940354 1.49502755534402 1.49783836376162 1.50377433118336 1.50324468266288 1.50243982340091 1.50589625175107 1.50899885676554 1.50879882710673 1.50765396551252 1.50701950700024 1.50983332505441 1.51093993570353 1.50813129200028 1.5083349539421 1.50588602847244 1.50217480821106 1.50155504303757 1.50003943597586 1.49844852118268 1.49545841488959 1.49552191434029 1.49515151320723 1.49584057687947 1.49807066115656 1.50069052942076 1.50109461585973 1.49611995654734 1.4903106565773 1.48238661146124 1.47649534100184 1.47597931678559
1.4833229144426 1.48974021301592 1.49304977002246 1.4890044538814 1.48207592972964 1.48304374536518 1.4871635286161 1.49087386515669 1.48963695659235 1.48774977733385 1.48596147541022 1.48153875774452 1.48595389834608 1.4858868222393 1.48928767532604 1.48992112695217 1.48740891705305 1.49152475699737 1.49579432254917 1.49632955317807 1.49914067228867 1.50227489058019 1.50523104617439 1.50488667518185 1.50357750345729 1.50609619591027 1.50768884147951 1.50742680196479 1.50531675208022 1.50717557174673 1.50864271567611 1.50925985279767 1.50860797424512 1.50683613131241 1.50557088730505 1.50259669453108 1.50073777886207 1.49897587030133 1.49425726354581 1.4916041081401 1.49109186056612 1.49136751638405 1.49235191835837 1.49294742836429 1.4958708228282 1.49864499467094 1.4983951151003 1.49549607719478 1.48895803302792 1.47978520423776 1.47481086662658
1.48653456521308 1.49124479045021 1.48552761467858 1.48389246277511 1.4839188110723 1.48804588528552 1.49136990320467 1.49271988906014 1.4932117811311 1.49192955840057 1.49123435013331 1.4862217559879 1.48652554457177 1.48846680942799 1.48972022004819 1.48659062942394 1.48785797092612 1.49421329348892 1.49748840789558 1.49778159652773 1.49904309529868 1.50122049153038 1.50056735396857 1.49956870219597 1.50012751131766 1.50476671922918 1.50715541535927 1.50690525462819 1.50380034553677 1.50547247977776 1.50716413781897 1.50907631415443 1.50796112816672 1.50588022270718 1.50444974577131 1.50320206970385 1.49897000682202 1.49560970764073 1.490752547218 1.48908824982753 1.48922242845327 1.48899435275936 1.49256335901909 1.49271873221911 1.49356815937812 1.49724483729936 1.49680159393394 1.49645080465313 1.49601027978476 1.49093587609178 1.48584423550236
1.49026142807295 1.49109151936722 1.48675521275699 1.48633482263781 1.48502462455195 1.4887896700473 1.4935587417578 1.49394204670174 1.49349753864448 1.49211322224233 1.4934310901567 1.48915757158229 1.48706657895547 1.49074815362341 1.48873770171882 1.48829019183513 1.49238785463292 1.49594202457634 1.49634475185175 1.4951820527513 1.49513729395304 1.49627633503174 1.4941619444805 1.49331201360956 1.49337702522747 1.49674003614953 1.50028393106332 1.50029884453002 1.49961752666307 1.50017768384358 1.50256914866412 1.50430354010516 1.50470038902955 1.50301511315977 1.50161648081239 1.50095709182664 1.49776453928874 1.49310143992024 1.48868199866062 1.48967018064164 1.49006572200881 1.48876502550372 1.4899397564047 1.48868154821945 1.48798662165935 1.49020258729032 1.49405388305125 1.49609387796518 1.49471890707646 1.49140038701336 1.49116436336687
1.49623246633391 1.49411982454946 1.48999342022516 1.48837761765985 1.48909121827471 1.48992817852855 1.4927632070835 1.49279757337154 1.49023250612512 1.4901120901004 1.48956244812322 1.4894044552751 1.49140146575689 1.49037986172388 1.48833452156328 1.49072752437681 1.4934514344725 1.49591432614259 1.49402267476449 1.4905795373168 1.48945316390573 1.48863453549039 1.48671182418757 1.48842529637736 1.48968581061573 1.48843313860678 1.48835557849505 1.48790892456721 1.49085653107469 1.49147080128986 1.49305590179286 1.49605680755382 1.49874942545608 1.49898543848687 1.49749475116473 1.49588232645526 1.49541719251203 1.49447451005693 1.49136679758011 1.49189451166008 1.49135733383216 1.4912415816605 1.49107204556205 1.48827040323489 1.48665868459377 1.48555206391436 1.49203610273786 1.49354792674888 1.49143637694653 1.49147692002958 1.49211355880164
1.4998027808059 1.49691291403844 1.49448448008287 1.48974416047646 1.49017119592963 1.49393557959043 1.49519224885941 1.49393867863367 1.49235513952061 1.48913893038427 1.48605144810502 1.49057512755837 1.49307774163775 1.490284209075 1.49054700091851 1.49321373361696 1.49403752794088 1.49065362148646 1.48583334709645 1.48412575741616 1.48777165141338 1.48662254418243 1.48191969939963 1.48621006637873 1.48599772201999 1.48216566617136 1.48144259061399 1.48227675227961 1.48414981163623 1.48499517880086 1.48884418029368 1.49445435155597 1.49600491999199 1.49727651952701 1.49532325387404 1.49505427636289 1.49379238467179 1.49386946792273 1.49059905989054 1.48825507755624 1.48895523227014 1.4897212476013 1.49015997086702 1.48781293667852 1.48556792636786 1.48613134967706 1.49095726380274 1.49029829211215 1.48568607419033 1.48763169636608 1.48882942484892
1.50303684855359 1.50081509620996 1.49725261487607 1.49191906677255 1.49179367087506 1.49776657848023 1.49767836370335 1.49434290182493 1.49491799423737 1.48885646198581 1.48706486756402 1.4937147775666 1.49428203650268 1.49316889420583 1.49590433387778 1.49734220797108 1.49570620580991 1.48881272906721 1.48445920902163 1.48526499649224 1.48332669950863 1.48682413568076 1.48589380529151 1.4861555080661 1.48422724832787 1.4803440384785 1.4790890537859 1.48687298955146 1.49158910151612 1.49401895925967 1.50358992867167 1.51780753395588 1.51477060242086 1.51336217597088 1.50580850299629 1.4963198165461 1.49150381331087 1.48999403489156 1.48676238194887 1.483219146364 1.48172141476127 1.48219949941224 1.48360328054343 1.48011131311635 1.47862029835974 1.48167557000074 1.4838424294454 1.48515467652973 1.48267029694838 1.48444714565329 1.48468572900449
1.49975778625237 1.50239551791198 1.49748941827758 1.49388521195903 1.49289673616378 1.49622136988847 1.49588718991623 1.49040580545979 1.48953492566477 1.4880642367189 1.48923018116255 1.49674176604246 1.49926844162182 1.50060226488256 1.49993248840134 1.49874639970288 1.49304799399524 1.48890875091642 1.49139157984407 1.4910353929175 1.47597891053695 1.46879892234315 1.4824143948263 1.48581185049942 1.48317683780045 1.48105666488457 1.47029813420998 1.47765827106039 1.49715243625043 1.50800553144247 1.5185563896104 1.53157053416712 1.53369452652795 1.52957746252953 1.52230490813616 1.5031527171941 1.48639001473983 1.48551478905634 1.48241064349395 1.48166150372833 1.47989484868098 1.47824596804118 1.47702022324012 1.47518489117676 1.47570637669567 1.47613940256099 1.47586687781384 1.47930085529576 1.48137580350138 1.48254219877856 1.48268772581732
1.499801698341 1.49769502661777 1.49119800995205 1.48877707234206 1.48926617332533 1.49193786000245 1.49038032676521 1.48375937280331 1.4855611775215 1.49015911550725 1.49320242827937 1.50013827492574 1.50036473239248 1.49909404998658 1.49682500182673 1.4971568945346 1.49587288464266 1.49379952800268 1.49231028144492 1.48195166326041 1.46312743634962 1.44864892859953 1.46358410640334 1.48118007618217 1.48252247604422 1.48117499158548 1.45708340968459 1.44316903635201 1.46229074352861 1.48752634036211 1.50079643486629 1.52333040887765 1.53318656743768 1.52660509816397 1.51187007586644 1.49587945571661 1.48338772116037 1.48331630236787 1.48296151232274 1.48076935942641 1.47899312139853 1.47506198245642 1.47248486484033 1.47322935964227 1.47311574509445 1.4725212858743 1.47188319920477 1.47295405774213 1.47734230581348 1.48178657694805 1.48206168418415
