Climate_data/bulkDensity1_4_Equal_10km.asc
NCOLS 560 
NROWS 490 
XLLCORNER -2904860 
YLLCORNER -5334205 
CELLSIZE 10000 
NODATA_value -9999 
[rows 198 to 219 of 490, columns 357 to 407 of 560]
1.46984412547454 1.46939493501493 1.47187574396282 1.48646200108971 1.49169920632508 1.48927035027201 1.47634498688913 1.46280522467511 1.45600043683829 1.44991239041688 1.45385406493355 1.46950503278088 1.48508259903867 1.48841781350992 1.48901640568877 1.48829489343293 1.47995002528214 1.47329208007646 1.47281488197771 1.45464731661781 1.43459447707833 1.43132438818816 1.43429715283532 1.43114904744708 1.41747128923962 1.41572362655579 1.41845352124091 1.4137774027467 1.41750710099847 1.4252337677285 1.43134500671542 1.43485068304047 1.43262004920359 1.43137323808011 1.4329065106465 1.4331880053971 1.43165967795735 1.43080219059343 1.43006925649016 1.42646686442883 1.42524175198221 1.43108151458062 1.46399091696151 1.49446899252983 1.49564504093507 1.49559214620498 1.49539638738437 1.48533265101968 1.47772356817676 1.48752184502455 1.50370120706941
1.46572540504967 1.46191599858943 1.46664928098213 1.48438300916311 1.49233813908955 1.48951759512368 1.46821212598834 1.45565110331228 1.44939323225163 1.4492726199461 1.45770923781418 1.46676905275328 1.4814859063022 1.49093281895716 1.49261732313318 1.49100836410656 1.48539473337712 1.47669242119919 1.47407706828495 1.45921949845742 1.44137618218536 1.4392448595209 1.4411063964009 1.42853365819921 1.41980646760958 1.4256094120597 1.42358416594862 1.41412379362217 1.41541810336557 1.42185417596902 1.43096596823856 1.43684400186703 1.43690730874308 1.42819579917931 1.42705682139824 1.42701504033944 1.42668643792753 1.42823078709683 1.42995377193011 1.42807133575093 1.42550884970525 1.43614808856543 1.47269423996018 1.49514204067172 1.49158506772544 1.4881842428269 1.47190378384474 1.45369241445688 1.44795470931792 1.47041469244594 1.50089952348173
1.46403589682077 1.45860735521935 1.46256707636552 1.47752534190031 1.48865076801728 1.487911276967 1.46926907077084 1.45594539143992 1.44964461792481 1.44919921108418 1.46058516326326 1.46530991557215 1.47849302666795 1.49286804458732 1.49585110775293 1.49699137687992 1.49215949281543 1.48363101619667 1.47594685197718 1.46549156026053 1.45026408050463 1.44109768518385 1.44806351101222 1.43891901863127 1.42934622378064 1.42676859616044 1.42061654686236 1.41602881743237 1.41736696358131 1.42167036082095 1.42850032937946 1.43264033863602 1.4333199151555 1.42787557786443 1.42746646439144 1.42738506612569 1.42892931518031 1.42923262845712 1.42896273485502 1.4247468008472 1.42908678109797 1.45655370443642 1.48382552653387 1.49233156204104 1.4862051884166 1.47276822312965 1.44505040589395 1.43328705381722 1.44307220054067 1.46940060933272 1.5017413995661
1.46099890082226 1.45825016508713 1.46316708627863 1.47311889300881 1.48052020781153 1.48673318237107 1.46865066028628 1.459922663071 1.45501534464713 1.45495194610504 1.47110524492604 1.48048282957843 1.48588632716433 1.49531468593374 1.495901732954 1.50112232449738 1.49695463501388 1.48759653567111 1.47873579621627 1.47266002581912 1.450467609558 1.44335902011126 1.45729300705544 1.46459184927399 1.45668592744734 1.43524525815022 1.4283310191706 1.42362037185808 1.42258516249615 1.42458705574956 1.42775456868334 1.4276215066629 1.42782413156943 1.42571479285768 1.42611034409759 1.42734077712272 1.42793902597144 1.4284182246891 1.42762617102945 1.42255431170012 1.43926657122018 1.4823313341254 1.48136053592044 1.47463249383795 1.46268324329614 1.44312275555116 1.42815676120097 1.44294337098001 1.46476826861643 1.48028442074212 1.50447691845357
1.45953884160088 1.45960988382825 1.4635649340487 1.46638701133791 1.47148302332303 1.48391358468591 1.47234983255999 1.46159520130268 1.45884940195603 1.45822676216442 1.46987637510086 1.48733828984283 1.49631552681496 1.4957287729969 1.4967222549476 1.50302399432336 1.49879801952184 1.48645588730227 1.4750648714257 1.46706058899077 1.45612636415251 1.4667147746027 1.46913810486513 1.47587422897434 1.47447298506855 1.45538974300134 1.44516477933213 1.43286793430605 1.42676088473192 1.42559625907383 1.42749604412935 1.4263299421754 1.42690126498958 1.42650827871558 1.42355057084216 1.42321990439128 1.42372803949164 1.42401200444177 1.42557499983226 1.42978412050436 1.44481732518147 1.46427426047517 1.44676248053629 1.43917499843236 1.43532526757381 1.42976167637335 1.42215655226425 1.42606568696583 1.44189323758257 1.47375967784481 1.50456035381382
1.4621894273145 1.46195104651791 1.4638162689308 1.46344829817449 1.46989080029786 1.48265529541418 1.47397147344006 1.46547530809456 1.46397708265845 1.46376153024512 1.47097313350774 1.48531962233872 1.49656008245473 1.49315569359748 1.48423427399672 1.48517198081636 1.48801937320759 1.48903625633805 1.47162054301722 1.45805411697707 1.47240618392324 1.48734058190543 1.4773239018125 1.47907997794331 1.48119675549054 1.4695976840819 1.46224554155695 1.44662337503703 1.43107569009761 1.42690519353591 1.42674815726386 1.42418638985 1.4265270398414 1.42660018455271 1.42292186488549 1.42181918283923 1.42339629386414 1.42175430950035 1.42289840240398 1.4313944945319 1.4437288662841 1.44159833216222 1.42493906265964 1.4233507867815 1.42296731423324 1.42014882394267 1.41533778082999 1.42657995592861 1.4534723994354 1.4822063900518 1.50430419411231
1.46573189474067 1.4655112248072 1.46688912073938 1.47021057303026 1.47006611170624 1.47716028874963 1.47442799983642 1.47223047522007 1.47269784086241 1.47224346979912 1.4735139974319 1.48138779236662 1.48208525118178 1.47713445815632 1.47586734617404 1.47683818746692 1.48336368246536 1.4855605634248 1.46333523245486 1.46033814342818 1.48818090299486 1.49437171589375 1.48015640886035 1.47610208216962 1.48500030997583 1.47486872950931 1.46503044125888 1.45098853234429 1.43357997124406 1.42791665583497 1.42541485474221 1.4243078927282 1.42474833902555 1.42529571854536 1.42291515395248 1.42154891854803 1.42158309686185 1.42087653441894 1.42180380601688 1.43056771917015 1.4347690924454 1.42505414919267 1.42065120421333 1.41885472559329 1.41575779140876 1.41517774154726 1.43126845017014 1.47074273182356 1.49177359465651 1.49682303053974 1.50251104673275
1.46834026988192 1.46903650397475 1.47301036746231 1.47362253959772 1.4625371847138 1.46643250076219 1.47441930590248 1.47440447552683 1.47794519598462 1.4774276986869 1.46942666695444 1.47558377576906 1.47473730486033 1.4730848860167 1.4778020450071 1.48295102637233 1.49186367791018 1.47817724731508 1.46165846667125 1.47408051735754 1.49807297933387 1.49379591711504 1.48319346899424 1.47911498922378 1.48708773890147 1.47602974690863 1.46601225816889 1.45083873291341 1.4397323188345 1.43156690457805 1.42503879747408 1.42391275111004 1.42229588444939 1.42267238502683 1.42115097530893 1.42007604866795 1.4200926651789 1.41936670875633 1.42003013919756 1.43404488218251 1.43021505608364 1.41789469183435 1.42070513738154 1.41993224513299 1.41714974087053 1.41959255540546 1.46033988537235 1.48923092286565 1.49857890668408 1.49872320728086 1.50313308041771
1.46915169096171 1.47449209159818 1.47825460060205 1.46766403855419 1.46193091662428 1.46707177797681 1.47448488753359 1.48026764399725 1.48133247036664 1.47675210199156 1.46885100147568 1.46984489209539 1.47078176837809 1.47318637562547 1.4781958211179 1.48402301268598 1.49234050237282 1.47602965532713 1.47291185043334 1.48457135061802 1.50319442841254 1.49263409943744 1.48265760362344 1.47974502173612 1.48046621400576 1.47208082591917 1.47067807938446 1.46178340744469 1.44886459378784 1.43612391184188 1.42651650223286 1.42231951700957 1.42064794818815 1.41885856305128 1.4194033110786 1.41765702590192 1.4172332459937 1.4184737923289 1.42170516031874 1.44197924147805 1.44073131039816 1.41876717818561 1.42000176065932 1.42044092797594 1.41974864769772 1.43094564053433 1.46192173350497 1.46246341165121 1.47321255683998 1.48352272631467 1.50465386813511
1.47248608539671 1.48295118861117 1.47806077459342 1.46456057969621 1.46482966447027 1.46461849859025 1.4661478691678 1.47382974144288 1.47566364015506 1.47744057854848 1.47199547310177 1.46527344458685 1.4709124962434 1.476698430818 1.47635721944185 1.48614492442244 1.49177559286836 1.47231953500842 1.47786716399791 1.49721908165526 1.50512340538176 1.49453587420392 1.48706302794555 1.48550293242944 1.48316532488621 1.46971070236718 1.46364371894045 1.46052180791095 1.44976872770679 1.43427184338648 1.42368565315126 1.42103649014383 1.41890411611536 1.41484919744469 1.41736032314072 1.41733426087506 1.41854569692037 1.4194332776836 1.41977153053789 1.42948800552189 1.43777103793155 1.42245808326123 1.42172196813803 1.42056264182621 1.41694741137137 1.43182150956741 1.43470137875115 1.42097423528617 1.43117242078817 1.46495025756264 1.49973130297266
1.47116220295519 1.47562803619321 1.46903669272437 1.46391122865985 1.46611561927953 1.46438775994566 1.46540592899675 1.47063261250599 1.47166839369323 1.4747213331532 1.47166432207519 1.47083043294274 1.48329468154528 1.48778896275321 1.48302278747992 1.48177049998903 1.48594354068768 1.47840814058273 1.49800210737273 1.50797837782132 1.50791214807581 1.50240245577245 1.49425734473348 1.48476376515264 1.47846478454543 1.47074612310632 1.46201206651928 1.44994600100231 1.43710416812437 1.42988174115332 1.42211193303878 1.42005165974254 1.41788349899674 1.41463959672026 1.41562324483781 1.4196569098783 1.42054825334793 1.4188907208821 1.41974443019548 1.42638453261513 1.43333420381379 1.43225088401116 1.43129660482982 1.422513761745 1.41971622184053 1.42483872710874 1.41642876831258 1.41651307873288 1.44069344879155 1.47871986753362 1.49991404271481
1.46953306987632 1.4679280586295 1.46622691800713 1.46487519702817 1.4668671791482 1.46609319140249 1.46761835639902 1.46992123762113 1.46779956841424 1.46653348948604 1.47214936393158 1.48640754487114 1.49902754736178 1.50164933419889 1.49857001468193 1.49700786856096 1.49006589887022 1.49321586152773 1.50871217442227 1.50913762954444 1.50613007871004 1.50392135324967 1.4998654870451 1.49604912014305 1.48558195241404 1.46841471849935 1.45993093626966 1.44740417577885 1.43870206841758 1.43232046142661 1.42259749803572 1.42215759951804 1.41744627227566 1.41615752743445 1.4179144707262 1.42807703291548 1.42201096283611 1.41921484695936 1.42234108955812 1.42239367447224 1.42926551647055 1.43028723770568 1.43145479649304 1.4305041722381 1.43042781881612 1.41709354240511 1.41344662594262 1.42012878390037 1.44862673590885 1.47705026222839 1.50335180086049
1.46916553255567 1.46812862923149 1.46851959311686 1.46754169150993 1.47051806490061 1.46890520230615 1.47395824721177 1.47265445444104 1.46596746407527 1.46799183864925 1.48541790158596 1.49855892246388 1.50628148825248 1.51189389995202 1.51261782131529 1.50560192019432 1.49610312071788 1.50787007175692 1.51126023434457 1.51140362840706 1.50366588936129 1.50286774315876 1.49705969857672 1.49739662820411 1.48923575521147 1.46848327077344 1.4560012399575 1.44489627488778 1.44175051176119 1.4343242257006 1.43027530360512 1.43775129384832 1.43206620424018 1.42742123652493 1.42203975837392 1.42981926679827 1.43404518437263 1.43367510902809 1.42688256218656 1.41469467036615 1.41425650586601 1.42031163674901 1.42754249712225 1.42678584468875 1.42812903765882 1.42022252207121 1.417895741662 1.41838334340528 1.43909796901847 1.47269345079663 1.50579350204024
1.47167887037251 1.47262460389217 1.47181655060816 1.47051507413212 1.47749037195575 1.47428023713248 1.47542262202201 1.46829538471399 1.4659262092324 1.47897111192911 1.49143730757153 1.50083781542072 1.5064514188399 1.51097371272113 1.51028052736977 1.50299516099054 1.50790904185964 1.51255289686988 1.51238211959939 1.51094087417936 1.50180196736341 1.49701220378562 1.48523386096175 1.48811600154705 1.49035930846379 1.47311811013341 1.45391130024379 1.44349076931289 1.44587425913824 1.44366105990897 1.45751952407857 1.46284623745152 1.45565567094437 1.44513146106308 1.43829394319798 1.44602819560512 1.44924165493494 1.44461423229048 1.42729644051283 1.41389284235718 1.41012621626199 1.41340075521032 1.42058295511417 1.42781801832086 1.42758971209508 1.42505993103769 1.41898195073348 1.4203126936331 1.44054003976851 1.46409837202172 1.5018525581707
1.4745548187501 1.47402618117246 1.47436663368345 1.47316737168828 1.47910719852942 1.47398473227942 1.47090846403052 1.46881210389455 1.47677007732383 1.48705905549108 1.49292888711827 1.49959315761925 1.50908831058945 1.51244815842551 1.50685092934527 1.50556866502234 1.51090218618403 1.51452200603536 1.51274161041338 1.50793243679231 1.49385511768473 1.48237960628387 1.46858405652564 1.47282528927528 1.48787320966948 1.47558177505213 1.45188670630377 1.44119506580263 1.44388699515235 1.45367723452353 1.46852632759524 1.4812723389087 1.47146033908799 1.4484257235224 1.44109095773365 1.44417174724169 1.44473370288085 1.43488757324078 1.42452106754791 1.41313673684637 1.40902333317001 1.41259142390262 1.41853164191896 1.42717731646262 1.42821967312763 1.4191078546188 1.41727337000357 1.42126074096314 1.43933195127107 1.46481325288079 1.5006091452682
1.4732832926016 1.47385424328627 1.47916903964587 1.47817600084359 1.47840854639605 1.47094703774867 1.47532870829394 1.48598351193981 1.48865495268948 1.49078832500657 1.49369990666036 1.4977733281219 1.50481068113216 1.50836055768566 1.50561037214404 1.50613839768198 1.51291961661628 1.51392701089011 1.51185280454839 1.50200731408659 1.4856558852818 1.47217446978362 1.46343592655353 1.46676130004231 1.48354270505744 1.47451392102863 1.45065551897004 1.44317568318 1.4457133248864 1.45837556681651 1.46841277689261 1.4730664707209 1.45521366688483 1.44282711231865 1.44034768715091 1.43303042716562 1.42762800755392 1.42726065091517 1.42340960745004 1.41340172333574 1.40932957219045 1.41461667227849 1.41804301613325 1.42100870775306 1.42575597685056 1.42004450071487 1.41571929666532 1.41989169779899 1.43463075937383 1.46835559441592 1.49878030990352
1.46904872202959 1.47098611213143 1.47766201925875 1.47597040949572 1.47246482117726 1.47435115692675 1.47690313180965 1.48818821477752 1.49601278430428 1.4967545788813 1.49544739458901 1.49877439207817 1.50135171890641 1.50222887230267 1.50611444563335 1.50578156737272 1.51012282378178 1.51217605909102 1.50904171658184 1.50100457663099 1.47833563129112 1.46729878498604 1.46554133920499 1.46876605350169 1.47706686507677 1.46953141941331 1.45214700293524 1.44935472957151 1.45337142649735 1.46485936354976 1.47166552079102 1.46061740963373 1.44965731405078 1.43767237988343 1.43075565997508 1.42619321098633 1.4215159819294 1.42286462858412 1.42375135604787 1.42096628238374 1.42100791304952 1.42431325242757 1.42223612591856 1.42216356832402 1.42807355005675 1.42715081397238 1.42062220095405 1.4283820663268 1.4331602278572 1.45924332965753 1.49811895289345
1.47023534901794 1.47437490507418 1.47688392861327 1.47190183784876 1.46813872423152 1.47263065304777 1.47932241385891 1.49197042293756 1.49912136685998 1.49961649240735 1.49811292612575 1.50449545246455 1.50783067574825 1.50855039341007 1.51277211784402 1.50877836194154 1.50852450066743 1.51282906584713 1.50873562550252 1.49716820680491 1.47677771373268 1.46934543506932 1.47010462430407 1.48258926182424 1.4832486674547 1.47614520793894 1.47049143748703 1.47490275521853 1.47871632926066 1.47519775264917 1.46765536844667 1.45688269059493 1.44085193474597 1.43341963811589 1.4314807688658 1.42808014660083 1.42359253512066 1.42538461812809 1.42710887668345 1.43116230253126 1.43736792205464 1.43971622523816 1.43006683057878 1.4251677636104 1.42433194128004 1.42408059943338 1.43391474467324 1.45257032935595 1.46080364581612 1.47409934391202 1.50197081084775
1.47373364428128 1.4755552258602 1.47596345169167 1.47310899199097 1.47170552282698 1.47234085491448 1.48319530699097 1.49655155003279 1.50222518794953 1.50543263689437 1.50568402376228 1.5128919994491 1.51485278051295 1.51383333888339 1.50902871447767 1.50518884923686 1.50827663931936 1.50914522919142 1.50512242647632 1.49486821596227 1.4781645931295 1.47881536750019 1.48354555503489 1.48684831722497 1.4796221943779 1.47781926009245 1.49054291902989 1.49431322807981 1.48597493471742 1.46668819691315 1.44849162463225 1.4435443545103 1.43363033254543 1.43522891034141 1.43144161988262 1.42914520832876 1.42792428611607 1.43104465555164 1.43319040286557 1.4328956072957 1.43711258993427 1.44192999701387 1.43638589365427 1.43275073788071 1.43280664518717 1.43301369146262 1.46899966960605 1.48365937071338 1.47906446858596 1.49355448333796 1.50324725768967
1.47370443249293 1.47638812054672 1.47727411260809 1.47565646002715 1.47160100988651 1.47086062971032 1.48790623832429 1.49840932531488 1.5030436340118 1.50711711238652 1.50956831744285 1.51308917596237 1.51563683732023 1.51164117843585 1.50612587183655 1.50352013818719 1.50952764737894 1.50823803325941 1.50286494919562 1.49695383200196 1.49032866322602 1.49368522795743 1.49235186162252 1.47978931307195 1.46963620988538 1.4784100069673 1.49581979784443 1.49340816120368 1.4673881646685 1.44695864904235 1.44134239371035 1.43859881291789 1.43764484520034 1.4370090092386 1.43078345394087 1.42934080304507 1.42837147179976 1.42962195302349 1.43125646407756 1.42983768522476 1.43632594175971 1.44257468254894 1.438735909397 1.44279106946915 1.45394152128386 1.45306180277639 1.48266034593149 1.48834066637308 1.49752416235433 1.51152998312301 1.50782723986708
1.47692663679781 1.47757133257036 1.47797994681234 1.47804306002042 1.4697559594728 1.4726737106437 1.4853299749168 1.49440911500897 1.49932533657752 1.50522814709988 1.50920731976115 1.50880348987772 1.51121122023782 1.51090681812468 1.50681134483285 1.5036729892196 1.5080637011222 1.50666072531963 1.50066771848951 1.49894274627555 1.49685237221826 1.49394879355588 1.47813680627794 1.46956362712182 1.47189492155666 1.48537034492349 1.49572694563848 1.47798186262146 1.45484966997542 1.44490522369168 1.44530014183626 1.44350678240383 1.4386282531138 1.43516107608038 1.4298544537445 1.42527521198111 1.42784690094379 1.43350874711548 1.43317228748434 1.42909130447107 1.44541458877181 1.45515612484345 1.44310428096951 1.44826168790857 1.4610141355407 1.47027572689502 1.48067393401136 1.4782742929279 1.48945680839385 1.49834964445834 1.49363560849551
1.47898445713475 1.47883239953152 1.47351142245432 1.4734059395748 1.46605211804831 1.47115485692948 1.47696457935915 1.48924675679039 1.49925995817561 1.50170948354932 1.50307490267915 1.50838106803441 1.51117264185859 1.5110146311779 1.51023819449451 1.50894443346897 1.50659864708733 1.50189061592978 1.50204726905942 1.5021205165647 1.49902108833904 1.48525275685736 1.4674089579992 1.46905664226449 1.47790197506778 1.48975122150105 1.48998782571118 1.45942721603007 1.4519008767799 1.45381305179799 1.45585054620854 1.4522477420358 1.44487473474014 1.43589594127173 1.43281686166503 1.42774305282174 1.43173848546913 1.44031255077812 1.44528304474692 1.44649250054514 1.45598959973715 1.46604703280926 1.46361821107184 1.46219265836815 1.46686095553171 1.47149845244542 1.46454063913628 1.45860928650258 1.48090679229383 1.49385329575091 1.49312667207206
