Climate_data/bulkDensity1_4_Equal_10km.asc
NCOLS 560 
NROWS 490 
XLLCORNER -2904860 
YLLCORNER -5334205 
CELLSIZE 10000 
NODATA_value -9999 
[rows 176 to 197 of 490, columns 306 to 356 of 560]
1.5409159695937 1.53829957522162 1.53417639157899 1.53016353600942 1.52453867733163 1.51995873656551 1.51799234233177 1.51686052190982 1.51423097395185 1.51685563896974 1.51793963531444 1.52207228276544 1.5257340041752 1.52741407430684 1.52935493408245 1.52657792691091 1.52048231393942 1.49271754044563 1.4688766562258 1.45505122689708 1.44890295884451 1.45445200893762 1.45665692632688 1.45266745419429 1.44694937711346 1.45056763466122 1.45668520957939 1.46381819454924 1.47436612106106 1.48710311226917 1.48719778326286 1.49328007765658 1.50419586196679 1.50913653615439 1.50952040917429 1.50813229293077 1.50677580431593 1.50681346237652 1.49965862178747 1.50216550565471 1.48690430911961 1.4673794663785 1.44784556493066 1.44312019942961 1.46756582790214 1.44982519961849 1.45236053720958 1.4671945142976 1.47438982019989 1.4755398103984 1.46367270375897
1.53872069373986 1.53729692336716 1.53111277347017 1.52912382880576 1.52665472200342 1.52117739988627 1.5148486442976 1.51575288126673 1.51482578298093 1.5170109003155 1.51954977396032 1.51944733161734 1.52471951179355 1.52834550838537 1.53004520087512 1.52606911097187 1.52708838174726 1.52058396623306 1.50640219153696 1.47421904098945 1.44826641878461 1.46084381591809 1.46041297757201 1.45068055191449 1.44591566132862 1.45126923015574 1.46047063413759 1.4657963362903 1.47311262003989 1.48848225760381 1.49615132754765 1.49457696008975 1.50288041965843 1.50832739707483 1.50707384536922 1.50195743030187 1.50504828873482 1.50375168938775 1.50697740692465 1.50140188419014 1.48188743484632 1.45987065169651 1.4443763212754 1.44575222192195 1.46838756547038 1.4470044381015 1.45260817024964 1.46144628855772 1.45978586431929 1.47253877241134 1.47009333786418
1.5302510362648 1.53664086342982 1.53271266003779 1.53047590500533 1.52862074325644 1.52589979029768 1.51975281928037 1.51920901618764 1.51848239084659 1.51925678403393 1.52012621875018 1.518510748594 1.52425058099081 1.52959173187732 1.53226217159877 1.52786822923067 1.52778160141246 1.52283216507853 1.51464133082571 1.50112386629329 1.48198360319608 1.46341269040493 1.45643940941345 1.4497620834703 1.44773062117927 1.45051956067801 1.45606857027139 1.45861955024482 1.46543898346391 1.47739549728802 1.48875255404178 1.47898040486815 1.48653296279044 1.49094535056114 1.49643248442202 1.50282386054523 1.51115202061968 1.50639793665857 1.50892504208425 1.50120779500271 1.48075800114844 1.46672748156244 1.45611639480777 1.46271914018602 1.46210250460576 1.44403050999007 1.44834380230771 1.45165769131712 1.45142781312899 1.47043319018044 1.47219128047413
1.51802819578493 1.53055623164638 1.53487512830216 1.53099970971165 1.52839086011509 1.52444113792052 1.52559100316923 1.52707574493047 1.52447901648296 1.52325818975571 1.52256992685657 1.52273455771457 1.52483319402919 1.52795221842511 1.529272857478 1.52561410792386 1.52676022478258 1.52172747938998 1.51455202163746 1.51050364451029 1.50797241465862 1.48185517571131 1.45500246447253 1.45058846377992 1.44939196874912 1.4554938006194 1.46246542365365 1.46168034723154 1.46462009234203 1.48238997050387 1.49123580249751 1.47528706331067 1.46812070464174 1.4725844165607 1.47500967099353 1.49209032067047 1.50654174664039 1.51018469278184 1.50936956941857 1.50060167217513 1.48247826079324 1.46689645574317 1.46194907096362 1.47669587642219 1.4636427303708 1.45038325444972 1.44715457871377 1.44909908167014 1.45240059284844 1.46178015411914 1.47185165982265
1.5174890383343 1.5264651316355 1.53651812501773 1.52944826598236 1.52556299399839 1.52408592841907 1.52994984813828 1.53132370535364 1.53019130909168 1.52678162270042 1.52800305294791 1.52894900262668 1.52792804159588 1.52569554722119 1.52452087009076 1.52194582918947 1.52355820484114 1.51841047653468 1.51292381146002 1.507906677701 1.51385190774279 1.50505973046554 1.47414349044681 1.45605877724756 1.45503144340168 1.45876127421334 1.46184026663311 1.46029898882325 1.46364518424503 1.47384309878014 1.48331121370363 1.47125148790049 1.46213540906614 1.45981701869736 1.4595473096456 1.48334840837303 1.50420629720065 1.51472736097528 1.51050471323719 1.50524177715579 1.48586962466569 1.4665121269355 1.46542922640529 1.48243403036494 1.46591740508053 1.44929541100244 1.44013276811279 1.44089292554295 1.44659670695277 1.44871164795109 1.46227201547102
1.52873481927898 1.53598449693024 1.54202308405679 1.53042375478291 1.52426957093527 1.52585861671501 1.52882388162386 1.52984190290099 1.53096675439121 1.52832903105491 1.52918541608982 1.52996266781922 1.52788838986224 1.52481278166526 1.52454456644898 1.52377757116037 1.51914323603004 1.51283127910757 1.50977847312979 1.50827278233649 1.51315435776692 1.51513017320048 1.49646993938342 1.47982760125845 1.47125773319872 1.46711300909356 1.46308339961214 1.4621854090866 1.45891710944778 1.45669295715793 1.45701929672804 1.45898472462255 1.45651389314801 1.46335130138757 1.48159640921107 1.50128968388326 1.51095658926446 1.51730941520984 1.51129088793125 1.5090907414628 1.49562976789572 1.47800474958134 1.47206451035757 1.48315041379157 1.47327717753582 1.44782285024424 1.43801585173443 1.44173658285334 1.4416679936142 1.44438059037494 1.46150602891133
1.53340915377255 1.54461370398936 1.54230305501984 1.53331090348298 1.53108357583165 1.53203683819856 1.53193248998557 1.5306585634753 1.53079986132099 1.52832997251029 1.52753598205333 1.52687489290284 1.52614259638436 1.52667210383846 1.52504874651669 1.51797849333321 1.49956272461694 1.49538684758407 1.49279729504297 1.48899699160783 1.4969451767768 1.50266186625682 1.50580000427194 1.49359638357228 1.47026251135739 1.46476091977858 1.46361397348039 1.46338479385277 1.45823158988004 1.45247853296857 1.45365167775073 1.45221864360839 1.44894440347958 1.46024128582545 1.49456012074715 1.51060642361019 1.51353128292534 1.51906178485488 1.51188622065782 1.50449089596621 1.49515970886366 1.4854976766685 1.48781742768234 1.48843989582096 1.47741070112671 1.44398369165638 1.4468907535592 1.45867406350895 1.46088295001018 1.45755949547623 1.45866989484049
1.53245863289156 1.53992641283027 1.53339485967054 1.53302597880418 1.53644596021959 1.53723940843739 1.53669417470448 1.53467705799125 1.53513616346768 1.52901893517888 1.52779872915434 1.53000348243841 1.53214595936677 1.53234307938902 1.5268561667492 1.5079797463032 1.47548484225136 1.46845856680755 1.46716564604205 1.4615472399788 1.47154968535425 1.47926642231543 1.48727179764019 1.47674994595937 1.46080965792097 1.46658281793464 1.46736375008417 1.46209154080092 1.45928813951108 1.4575804126693 1.45358474979392 1.44962235094867 1.45982856625537 1.4875915757655 1.50466212630523 1.50828830237263 1.50895422444663 1.51380330308895 1.51628424147904 1.51221358756488 1.49397745134274 1.48871759341135 1.50211748644425 1.49393687262822 1.47975606555306 1.45676461722943 1.46497502529217 1.47278048607133 1.47494650890374 1.46811169130816 1.45328196929284
1.52838803019644 1.5368093789212 1.53285509585607 1.52952110901266 1.53121469169995 1.53354029068245 1.53413893181385 1.53196718592752 1.53272957881599 1.53294036872904 1.52858523586526 1.53455246476752 1.53520784404346 1.53347114469075 1.5228709950398 1.49316777599848 1.47375758679052 1.47218033159636 1.46648103110879 1.46309265445444 1.46778554358339 1.46820627999605 1.46278108518502 1.46228678355381 1.45927067359319 1.46431481305952 1.46079294797905 1.45781419747647 1.46095458013701 1.4555895509294 1.45192780694937 1.45718279377639 1.48437934960643 1.5006729383215 1.49742387560901 1.49172424260902 1.4877575170502 1.50569454137426 1.51985065143824 1.52237195190953 1.49653036591385 1.48650506229405 1.4996236390158 1.4928338429647 1.47726373118233 1.46779142423125 1.47865356082559 1.47958936616153 1.47215823896962 1.47646370470723 1.45315929280353
1.52828886518013 1.53598705253839 1.53644148551404 1.53003502662825 1.53261896587361 1.5375640730259 1.5363822193227 1.53370564988455 1.52995388177802 1.52974901057182 1.53165766586317 1.53608322624138 1.53522279129908 1.52862176478361 1.5116453151022 1.49363586714001 1.48599830685771 1.4918988938752 1.48033719947687 1.47205438387248 1.47326186671384 1.46983438391425 1.46385740302105 1.46013363126766 1.45697028196469 1.4535539903592 1.44961134590354 1.45216764371605 1.45818514049087 1.45434399041404 1.45793114355649 1.46397682402923 1.49184708867183 1.50388136872895 1.49786683513958 1.49755972847243 1.49581639295935 1.5101890831819 1.51756639578163 1.51980531439986 1.49988951557831 1.48419016228854 1.50991283804913 1.50090791513952 1.47570850548092 1.48030723200592 1.48613335253636 1.47894722515221 1.46907129618309 1.48011658076333 1.46667735560551
1.52416811053476 1.53157680597485 1.53296976391194 1.53117335654548 1.53158341604702 1.53516103606601 1.53638210504314 1.53707463726457 1.5370517938518 1.5394010289133 1.53891926524626 1.53691620089009 1.53283731180159 1.52634862380096 1.5175421064681 1.50997331769079 1.48936138283022 1.49846617496363 1.49037927249071 1.47648938228876 1.47347386186698 1.47348075754435 1.4725754355654 1.46972475786896 1.46467185274075 1.45327032870172 1.44903398985397 1.45080724302079 1.45650659766104 1.45682180306116 1.46189564778437 1.47315352754898 1.49955074250276 1.50563292409383 1.50473269068796 1.49376566525241 1.48468638856941 1.50237168365218 1.51360546729073 1.50812717421422 1.49037871365193 1.48100999843876 1.51499107727771 1.51266669383183 1.49070136882813 1.49333500550662 1.49289954884816 1.48548778642947 1.47950138759818 1.4894026079973 1.48797170788727
1.52921402742283 1.52759113884826 1.53106382467647 1.53483781378314 1.53353341896176 1.53040154328876 1.53211208450823 1.53658313955202 1.54216110706442 1.54219814381319 1.53551283151997 1.52892278528737 1.52450705968931 1.52193640089409 1.51571271198523 1.5015289607422 1.4831109305401 1.48327813015208 1.47403394620835 1.47275511856728 1.47738546854879 1.47743071041778 1.4752221241928 1.4731351780408 1.47238097105087 1.46282761494984 1.4572858450571 1.45499055759609 1.46239592940967 1.46028190000323 1.46390341010095 1.47921505182547 1.50230378625265 1.50517182426637 1.50534250616753 1.49959289626046 1.49428141849369 1.50376012758579 1.51134777996486 1.50017449208932 1.4895996197026 1.48694854782364 1.51746039892939 1.51381216161482 1.50175931288849 1.49044205749204 1.49108401814696 1.48725801063601 1.48614033433702 1.4980151851886 1.49908022012919
1.53224026851522 1.52984302167891 1.53431312663206 1.5365928099021 1.53564741263354 1.53211378250142 1.5339921284532 1.5351272880889 1.5352421604993 1.53548811745345 1.53057874373074 1.52156413579376 1.51881957386156 1.51725946904029 1.51013909331995 1.49480891586868 1.47736321541805 1.46696975234836 1.4677595461572 1.47936275089666 1.48359207999639 1.4783103667867 1.47131163938511 1.46983461905056 1.47122265743498 1.46920234802832 1.46866700196394 1.46602623269846 1.46770060462124 1.46584493339667 1.46980057149777 1.48239177749658 1.49763997510612 1.49449499920027 1.49140648749155 1.49723931789369 1.49400843519022 1.48784337354891 1.50182734315361 1.49959460385937 1.49708806888753 1.49419224108357 1.52533820044521 1.52393764208538 1.50902550143681 1.49379630480749 1.49250772394675 1.47872114011251 1.48892491746813 1.50371485057753 1.5049080044436
1.53503942570842 1.53509206103745 1.53758718205012 1.53770535459346 1.53442082942135 1.53299426577741 1.53125771520489 1.52646039928712 1.52573075483866 1.52871318786858 1.52756425862747 1.52209873893977 1.51818845874463 1.51648495810328 1.51108934618229 1.49314348398449 1.47749552688332 1.46423836897731 1.47196467171919 1.48589187897505 1.48725264412842 1.48523297170785 1.4779611663531 1.47045494995024 1.46939558462024 1.46720022323294 1.46921641610912 1.46992620494839 1.46951181818029 1.46620137069651 1.47242026133898 1.47868261655242 1.48039562715217 1.47136604728154 1.46810314585811 1.47383750702413 1.4700828030217 1.47556963275581 1.49327551935969 1.49166987040952 1.49692767504348 1.49790282255375 1.5248922221978 1.52584245931433 1.51432466172938 1.49617330328355 1.48566877988768 1.47355170174124 1.48571876711651 1.50192777923486 1.50501237274649
1.53780502618698 1.53526928182648 1.53662335769113 1.53693636484245 1.53298149993476 1.52698229502684 1.52343902006754 1.52292152711396 1.52406126787147 1.52501965784157 1.52497625106031 1.5238126740641 1.51899449056916 1.51772700270834 1.51674405071335 1.50006663641559 1.49065719740771 1.47741722339125 1.48002209392712 1.48184273807885 1.48425809745912 1.48787591940251 1.48543915853191 1.47969169564311 1.47329839167868 1.46427217391744 1.46528888200925 1.46765924984138 1.46719641041839 1.46422402685199 1.46743029571033 1.47294993986719 1.46675639604929 1.46078214668196 1.46173166667468 1.46094099464466 1.46736120480656 1.48814314451204 1.50234877153338 1.50002516895648 1.49457862901522 1.50030866204308 1.52255478122045 1.52029264856216 1.51040445598864 1.48790295720888 1.46843620616794 1.48299433347717 1.49400853940187 1.50104045904586 1.50144787675359
1.53876089183452 1.53533332862861 1.5360929602034 1.53452076138117 1.53178761574564 1.5248509843362 1.52043256325821 1.52162203806145 1.52240377904562 1.52256477118929 1.52171185626687 1.5217662021692 1.52171987188869 1.5177351186066 1.51388368535777 1.50508473484266 1.49713939571172 1.4899407062787 1.48868966799612 1.48526838069498 1.48483303331348 1.48931779092226 1.48947473641326 1.4883624708606 1.48383573171682 1.47198849852836 1.46475002222676 1.46073367872294 1.46251396485584 1.46504514011686 1.46070886185525 1.46837029284406 1.46089577136384 1.4551089000255 1.46129997931376 1.46802694712317 1.48599485896613 1.50770355665327 1.51051440836687 1.50482659292257 1.49432155218694 1.50352632626005 1.51713037920824 1.51769685683246 1.50937590027644 1.48236037256483 1.45862783192977 1.47241203062261 1.49312532443126 1.50108808610638 1.49898976578752
1.53651865136358 1.5372298545501 1.53665868989378 1.53371880472981 1.53119178205828 1.5221026584562 1.51899488522296 1.51885463925269 1.51781005353151 1.51847029827189 1.5184152199141 1.51728927664161 1.51611830420837 1.51350601150397 1.51415072310632 1.50757086109399 1.50256852690306 1.50193304071402 1.49770445826869 1.49178524077593 1.48757360523611 1.49038947935236 1.49018813983928 1.48995178668824 1.48885332677416 1.48446318640424 1.47537464121623 1.4672196849862 1.46562603619485 1.46918144508584 1.46311702813699 1.46310569903905 1.45648794240806 1.45775599331275 1.46491964607648 1.4785895757277 1.49138282494062 1.49723524507013 1.50329444057246 1.50387054085383 1.49578382550026 1.49911710937808 1.51731179827513 1.51360629700706 1.50506921743806 1.48473494517565 1.45762147803427 1.46248341150495 1.48048022626614 1.50034002932554 1.50260894835592
1.53829109440651 1.54488091095693 1.54329367748312 1.53813766464858 1.52892285788508 1.51750864084412 1.515650407236 1.51788903419183 1.51833452185356 1.51973424380457 1.51975881493687 1.51561955652158 1.51119814424723 1.51288685732933 1.5173550275605 1.51452182361849 1.50801817752178 1.50703622300143 1.50399423886048 1.50002281032794 1.49407351401727 1.49184775669157 1.48783316105454 1.48354612328707 1.48628713121741 1.49025553999286 1.48655165910199 1.48261036932366 1.47595613751348 1.47239079991601 1.4628791043761 1.45645156698136 1.4566120799225 1.46343157895486 1.47254000729712 1.48482044550543 1.4881311875234 1.48118710892821 1.49812792798422 1.5062281818961 1.4992393303455 1.49556517845217 1.51144920206486 1.50577294209621 1.49738779111282 1.47966042581495 1.45925794324893 1.46033765732315 1.46953638253905 1.49685258507735 1.50174430746202
1.54608717409116 1.54774543869328 1.54534180243639 1.53921100976581 1.5293611645922 1.51887394884431 1.51536452917176 1.51610488508787 1.5201649620846 1.52654287469286 1.52625060319088 1.52078429512532 1.51896682355689 1.52221784284503 1.52177216568218 1.52154618960087 1.51797021898791 1.5158658045264 1.51028474548052 1.50539621551404 1.49942839056915 1.49842946140167 1.49342806041776 1.48671552880925 1.48665773809855 1.49022765818707 1.48778258545061 1.48660374130064 1.47842085842904 1.47108866923863 1.46699271771325 1.46207158349653 1.46133053609375 1.47156897751895 1.48047559077945 1.48579922219925 1.48650612720655 1.47975869905596 1.4953040447213 1.50313495568724 1.49564879366328 1.48667779802805 1.50004435004134 1.49946191820689 1.48957920968001 1.48207992882965 1.46760305265265 1.46851237422132 1.47041689690168 1.48968569712664 1.49836267641403
1.54112881335212 1.54280241995042 1.53790526087671 1.53415374637509 1.53060904378162 1.52231821625517 1.51681332987532 1.51700998585905 1.52160377021371 1.52792156937826 1.5283902169534 1.52253335182304 1.52298963010911 1.52511409571286 1.52392013585177 1.52428692607227 1.52620837017296 1.52120263082538 1.51481406862179 1.50766439442329 1.49892274777051 1.50139618856501 1.50374816982368 1.50079465616329 1.49390435562943 1.48952986396499 1.49018020684972 1.48519975988028 1.4737942792004 1.46873947729867 1.46984433680098 1.46887601092526 1.47072431139044 1.47136751649557 1.47794090895479 1.48959777346468 1.49278313921741 1.48999294289032 1.49259688609083 1.49648187997097 1.49248313159039 1.48705351945335 1.49251654722541 1.49222176064292 1.48103452238877 1.4818012803361 1.47289728346865 1.48142331240395 1.47890770268754 1.48437313886599 1.4924549293672
1.53630740927757 1.53974363954666 1.54024794006854 1.53728486085243 1.5296452839614 1.51747633001827 1.51793073915647 1.51720815775489 1.52182036446354 1.52859565562072 1.52733366881601 1.52468246985873 1.52287284732438 1.52078338303347 1.52025982746303 1.52007387144216 1.51859699518662 1.5174685642768 1.51279961867793 1.50504477562908 1.49678826485686 1.49714525719264 1.50283808616403 1.49960524396486 1.49404544122312 1.48845530248373 1.48716706153659 1.4878168997386 1.48088405592642 1.47313763790542 1.47145035286217 1.47114633077618 1.47690447198 1.47312954628374 1.47922610422792 1.48957614562136 1.49585149453828 1.49310944467346 1.49520506824422 1.49952388423137 1.49707645172717 1.49760978358587 1.49456020229805 1.49493662897949 1.47290963910074 1.46445043990749 1.4754544945741 1.48261341541466 1.48544083590794 1.49257678003287 1.49252008992562
1.52412056640736 1.53572583151856 1.54650228343737 1.53922644224613 1.52520040422859 1.51650628547052 1.52080902734276 1.52040071044691 1.52396784644386 1.52706531548343 1.52992104875075 1.52889662164583 1.52385499937779 1.51986265964065 1.51907450518639 1.5168267562654 1.51381218632234 1.51043866659718 1.50220895701304 1.49982389463749 1.49870363106436 1.49902673516966 1.49923561741135 1.49251769294604 1.49243645062291 1.48860940787175 1.48420212546267 1.48552617882194 1.48676729926926 1.48337980458295 1.48044019823542 1.47732755910682 1.47880932890793 1.47810853372175 1.48137532553072 1.48592651283919 1.49630577043003 1.4971494712827 1.49750893749457 1.50716884791502 1.50414619765696 1.50348851132004 1.50240101821425 1.50262395954853 1.48405002476427 1.46870400393396 1.47675314756264 1.48105637654003 1.49173351603335 1.49712522453704 1.48735400681659
