Climate_data/clay1_4_Equal_10km.asc
NCOLS 560 
NROWS 490 
XLLCORNER -2904860 
YLLCORNER -5334205 
CELLSIZE 10000 
NODATA_value -9999 
[rows 198 to 219 of 490, columns 357 to 407 of 560]
35.9420693212172 38.9794473686356 38.5496154933761 31.4185748380066 29.040732539941 29.0971106642704 30.2427877613983 31.9240087428368 36.6930703900106 37.4504585101019 37.0039147332196 32.5502992299159 27.7979180573303 22.9102835897294 21.5981721976641 19.4122249794408 19.646692296028 29.0804160341614 34.8423043880644 39.2719769675969 42.1412989404433 42.5151729481825 42.3784199288225 42.7580507094382 44.7306179621859 44.5601120156932 44.4578436545726 45.518865954238 44.4498557176969 43.4927361066728 42.2706421892692 41.9490656647734 42.8020358033428 43.7917453623987 43.0098161230023 42.3592070327422 42.4009786267716 43.3305384731669 43.4037430868182 44.5333412731773 44.5861915494315 43.2070895375629 29.5862336939816 22.2002303528406 23.6121897383813 23.8263244047775 23.2050525547841 26.7441785264451 31.2309413135022 27.5498548873766 24.4722363262704
39.3122333788964 41.884042173797 39.2415716690244 32.1896653210028 29.0722544096232 27.9981028085657 32.5852105931217 37.3814203506712 37.7726090325079 37.6489372747704 37.1289127347541 33.3221665336276 26.2586305365487 21.4177483711232 19.845192658463 17.7211127269404 18.0735930272308 25.130394062367 34.1898456394357 37.8990657632786 41.4493191591358 41.3645988981624 40.3659162107995 42.7356270191862 44.0963676554842 41.5025444042215 43.0653946309015 46.0297303606274 45.7529469602283 44.8473357858076 43.2184079880101 41.892256129148 40.7979485732792 43.3883732756185 44.2537959141986 43.7459986696097 43.9403146984651 44.670529093752 43.5143201149551 42.9988678058816 43.291916163227 40.508539756137 26.5869124500669 21.7300244356549 24.2687265782707 24.4003668890323 28.4625155979051 33.0018777615366 35.2993237714216 30.6254255310067 24.6721392557492
39.5438525263697 42.781875441649 40.3723415244323 35.0983544579521 29.782787394775 27.9532727854012 31.5466809124633 38.2485872342781 38.1655005845158 37.8270504533144 34.8693518852959 35.4585139036789 27.8122163975659 21.8881868308559 21.8295045871366 19.6132012095434 17.9536768489515 21.9600123995913 34.0863956880455 37.2406986067921 39.8330812419857 41.7180912995899 38.711977082882 40.4209264380689 42.5014131195246 42.1135049037988 44.1055839598132 45.6664810417981 45.0079591773914 45.2367592803771 44.6431182781418 43.526250245217 42.2368467349968 43.1359782274705 43.688186140879 43.8674206880519 43.2830947000077 43.978346973988 43.8127140210293 43.2704997764913 41.6406471290992 32.7531140364579 23.7716288500829 22.2746278766155 25.0893954076405 28.1950948680142 34.0413549780813 36.0918782558409 34.8910265120251 30.1181934563011 24.8271537120094
38.8835302639727 41.4017476784096 38.9144235906078 35.8025034096315 32.9691593460942 29.73208444749 32.4218407259158 38.0465238862995 36.6276189354304 36.2611785552933 28.2588662895907 26.5771545324291 27.550420299754 25.5205778070575 25.7298251352755 21.8793442557028 18.654470852871 22.2080305215918 30.4744779320039 33.2443303155183 38.0182638396285 39.9185867830153 35.2259705662374 32.5997860448529 35.5751314293467 41.1916406973834 41.1117291658267 43.0676002974866 44.2825960504766 44.452393065324 44.4753580089188 44.6008872566659 44.3034551469168 44.4570931009574 44.6756299239179 44.4200144324261 44.2758601008117 43.9048919058057 43.0599385025495 43.7953504458148 38.2878890250346 25.1171671371085 26.0915305699082 28.4201098622124 31.3585646105601 36.1382799726216 37.3745479155559 32.0606053139464 27.3083958575359 26.464259971648 24.050491051094
39.1168411628408 40.8102550408437 37.8664711943815 37.2054271619679 36.3311566713519 31.9926011685932 33.5347579106417 38.7637409211746 37.5162194048407 36.1487959314895 31.3078146000571 24.693427666276 23.6354155172113 26.5604712521805 27.4087881916595 25.1429178412884 21.6360333543043 24.4561743320023 25.6668474774605 30.3687184438268 34.4226100176646 30.0912630014009 27.2100517444352 24.4270748301821 27.9246120667584 34.1812286868907 34.2563284946579 39.8476107782779 43.777848977633 43.8583332328023 43.6189044458757 44.901288422471 45.5868410763864 44.2291420060628 44.7585976038185 45.2072490875283 45.5272503117973 45.3051078767427 42.6136717143685 41.2333626333472 37.3066320523525 31.2269569957256 35.8345922322899 38.1142113535531 38.715090055025 39.2129357944182 39.645918457556 37.2583834867006 34.0706663421183 29.0485374777491 23.9826236211809
39.2679860334419 39.8859228596823 37.8601732242322 38.7434617797022 37.4099860969073 32.6673202164247 35.4284140989619 38.1268057531633 37.4077157371567 36.9536234342305 33.3811846888072 28.6015557465129 26.7451583617918 28.8220129735893 34.3422468651109 34.0623171280289 31.7235426348121 28.0518508104615 28.4206111732091 35.4918343561509 30.0077855919377 24.6814560669832 22.1285624885472 20.6645418653892 22.9863050927089 25.746675748251 26.9552459297433 35.1209992138988 42.4693254830228 43.979060218241 44.0431230883099 45.9216393268731 45.6686967370812 43.8062237018355 44.6438449718582 46.2680006178188 46.3924632390114 45.8923718409243 43.8660347790811 40.9175274653101 38.2647463222346 37.7051511679169 41.2683205831327 42.0067216021702 41.99875012212 41.8278126057219 42.7542932166588 39.9103455738957 34.072271379816 28.6723894305154 24.2263204653163
39.2671386001609 37.8997986486502 37.1124452626192 36.9080988940188 36.1374147250202 32.480728191417 34.1169526753513 34.7474558986615 35.4124637921514 35.7383621818421 34.04256437842 32.0392168965635 32.9689861125063 35.6746112164885 37.0184812171863 34.224182561258 34.1473631364443 32.3794729701616 35.7606116699734 35.7268404162107 26.5458769247963 25.1501561770009 20.6498499888974 22.3795240571539 23.8668004968266 23.0040766711695 25.2081101521141 30.9987730818699 40.725723402529 44.4445444316795 44.2415433177088 45.5647549226038 45.3607519063402 44.3277816741005 44.6829559392381 46.0659144722551 46.5616803933113 46.4828007259518 44.514591905479 42.1107580974774 41.4617877920019 42.5345981022155 43.5057342115376 44.5019347762894 46.4257879556044 45.1991771777185 40.3271359355255 29.7079059661513 24.9476043910895 24.8085203410959 25.5277778012476
38.7347941290804 36.3107829367114 34.8937255497786 33.7161467711971 36.9097989507842 34.8377314772776 31.2791543172708 32.6125679700849 33.6603480944382 32.2960915636007 35.5387541179602 34.6255126674072 35.8574087138505 37.6798766132095 36.6168243421628 33.2154698161085 29.3525952859517 34.1390830130494 36.6835676844239 29.5357416162479 24.27009318242 25.2756106766587 21.7947956614451 26.3554918387908 26.9639604037244 25.8528846525334 25.1389113802909 30.3798079584097 40.748893858568 44.0675441833772 44.4439475538664 44.8648478862768 44.9828319336015 45.1119007412279 44.6072293777607 45.4207856092187 46.434454305978 46.424772842956 44.8675092062347 40.7795173844168 42.6298747990374 44.6664767368687 44.6593666685859 45.5059489562505 47.5062332172764 45.8176324967857 33.5766085436777 25.3912620427347 23.8078250241403 24.6692733917964 25.5004072900187
36.7069534952554 34.3153093575461 31.9599718281386 34.4635960532558 37.1275151998414 35.5635732738154 29.0101850014943 27.9027997578517 28.5727510223227 30.700306443039 36.9830617189834 36.4696922391875 35.984506709266 36.6025536959577 36.3115146652361 34.5809476821615 29.9132259711776 33.5627475690417 32.9928751132102 25.0000787731522 23.200705733051 26.7118623904668 25.4328209898456 28.5024820536107 28.6963809841164 29.460501284948 29.7272483747655 32.1551365238195 39.1221871634832 42.532735131341 43.7251327819252 43.7664438104215 44.0292646779172 45.1900887501417 44.3819019720749 44.2856209469479 45.5244604838946 46.6349558842973 45.1179553220579 39.5266920879051 39.9556552241683 44.8190140177951 45.3314067191288 45.582850640989 46.6784162090703 43.7226675627418 32.5058806997236 32.7284502055374 31.028168649732 28.5857708891237 25.3021014481234
35.3725596299204 30.8053836540721 32.112312326009 36.576284830275 37.0909584243814 36.6425106239011 33.1168146551235 30.0506901270291 29.2823082011143 32.7039132093568 36.7758200745283 38.3568828594361 36.0351556298349 36.2505813634221 36.3064598321266 32.9620536858729 30.2119195973799 32.8141547768216 29.5044922048985 23.6046510194356 22.6379427162294 27.3050134104848 27.8445106134755 27.4460260597997 28.128605583693 31.7725969108272 34.1965072445531 34.543245328208 36.0876541846928 41.5847080998446 44.1435366875247 43.753058671796 43.4358859044024 44.9083741236894 44.1818125456609 43.1535739912752 43.9813932293503 45.8166629730188 46.0092593358261 44.2548667268735 41.0526047811568 45.1280546714238 45.3065789361916 45.6628740779461 46.5465709705073 43.7821650843328 39.4753456316734 43.5904247043857 43.0459846340736 33.2550392292958 26.0476682469444
36.7362566382122 32.4823383622124 34.4608234145074 36.9735672801094 37.3250016075058 37.7590010096313 36.9268679958221 33.5922785858997 34.3815156670938 35.5059115206709 37.3271407978819 37.6332369797377 32.6667093937497 32.1021235052679 33.1684271629354 33.1226836532598 29.6002808554817 29.9757283564101 25.9218549306491 22.8886168494668 21.7113554282468 24.1008949056725 28.3113081254454 30.1027610071604 30.8340097530779 32.7826648958553 34.9189216656557 37.7718209176014 41.6620476328541 43.6801649518414 44.9579311917825 44.3280222993266 43.3956967805291 43.5371614468086 43.6487608230347 42.337906405108 42.8312840160507 45.4262893545216 45.7532904869595 44.8530547945894 43.0770340371542 44.4019682608084 44.339188507308 46.073689075341 45.6681092605412 43.8789487387901 43.2628874547683 43.5602330504885 39.0659503295198 29.9734972494401 25.4818599293501
37.855412191832 35.7324925711076 35.5456254653583 36.4383606961164 36.9164551412018 37.8592492052884 36.8243004330933 35.447951508324 37.9377038399388 38.7111795680783 36.4399364384687 29.86231712099 24.0778980839632 24.8968996202359 26.3022290184914 27.3030550233707 27.8241872357602 25.1426959289238 24.3279836634653 22.3837986365208 21.144108233896 23.0914705335863 27.0197100786203 28.0739925131405 29.4894493445968 33.019032526844 33.9870523982079 37.462482631261 41.9427855764626 43.4953869538726 45.5279037872713 45.037733887741 44.8230137833533 43.7091451731578 42.1698684801344 40.3124362938747 42.4208779035608 45.7089824315801 44.8675030060227 44.6027410573191 42.3119052110214 42.5357674331127 42.3362608380302 43.3638171241273 43.0085191395814 44.4218576368878 43.9068511606435 42.4148130608741 37.2500683887654 30.8640146392462 24.3027886275557
38.0224330686863 36.6851002888552 36.2750559855519 36.858081394231 36.9199274038326 37.3604003006629 35.0534268468247 35.5464785587747 38.9463810432142 37.2033944264905 31.0764963962837 23.8029225908229 22.086163211807 21.7300379557441 23.0656668739427 24.688162856223 26.6325973971153 24.3920644123773 24.9650523345205 25.3595448488968 21.8758365322416 21.4142429795592 25.9738807481163 28.1889855282648 28.4439752614741 32.4454595737787 34.155309270697 36.4696994503469 39.7470124571277 42.6868418791177 42.8171599315896 41.4198935643785 42.8102749845194 42.4793562551307 41.7826067591153 39.9585181257135 38.232080917622 40.1786286777759 43.7064286614718 46.7612774297451 46.1501629177841 44.2399335349088 43.1075852030264 42.6463305977277 43.6899081084421 45.3379291088714 44.9433811407058 44.3187559326504 40.7072570228083 32.7855584697172 24.2149817003205
38.6499678722887 37.2213571481904 37.0477983682419 37.489480817462 36.3234084935485 37.0756549523319 36.5131882960261 38.1081805668165 38.3881613787507 33.6449935537127 31.3936169620298 27.141051577569 23.5980140711415 21.8394311273534 21.6923980502341 21.2018795998268 20.4082562527276 22.7180934064717 24.3561541162055 27.1891548948687 23.1930978780692 21.640073341227 26.8725566318567 30.0153747503669 28.1636460801612 31.2815452228579 35.0506635451936 36.6455754554943 37.466706367787 39.2349537376141 34.5330671663111 33.3925117731084 36.7835860582751 39.4808562393229 39.4628045792783 36.1874239481845 35.2072323891655 38.352755802386 44.2169890786133 47.6195546775667 47.7747492486949 46.0614879006038 45.2905349021999 43.2567285381543 43.3762107829641 45.6665080938597 46.8481869264727 45.6706296984643 41.5090765242255 35.5095995291195 25.1960732643509
39.2296955085056 38.2903365705622 38.4079354230879 38.1004100070657 35.632099379227 37.9577181133795 38.221565366772 37.7251677373347 30.8091869481926 30.8039888810718 32.4214965080973 28.6144251880815 23.7238753409506 23.1200429663604 22.2494454504941 21.1760889351014 19.5182024898228 21.3700541566247 25.1196354932423 28.6349790632706 27.1703656149289 26.8310062213791 29.871209698223 31.8944276681424 29.9324891394857 31.015178283736 35.9290484421255 39.0479826385755 38.5274063252006 35.4494261955791 31.6167271201222 25.2807813017937 28.7915944655647 38.6887857103211 39.6956238892202 39.0940633484795 39.4748480995931 42.603082975316 44.8606980143092 47.8995896104724 48.1286527176737 46.8366708883981 46.5146185803593 44.982867942087 42.8689302773537 46.4692438657046 48.3287132646641 46.3866570203145 42.9053060340461 34.663238773019 25.1139321331285
40.7145856051121 38.5125755468762 36.1031574379986 35.6891266041554 34.6340886418366 38.2678282022598 38.1354852921983 34.0465190169307 31.6532165936884 32.0710386290109 29.1898065738275 25.1817760578585 23.4368201782065 25.1560313326015 28.2804614086634 27.4187174839519 23.5403665481393 21.3742522740444 25.3489855370043 29.9623176926844 29.7563069592979 29.3286155235277 30.9013727993413 33.8116075806887 31.7500776347162 32.2878556549889 36.3437846026146 38.6038945167458 37.796096177381 32.9055809764783 32.1490552417317 29.550233700856 37.2608616406014 41.0662970324456 40.4272146366294 41.9667072027326 43.4466788348203 43.6362290821573 45.3064630332281 47.7212194498331 48.5721292662297 47.6618495247836 47.2988234132031 47.4793157541091 44.2930536776691 45.7678210688035 48.5109169734782 47.0290422079851 43.4487936182921 32.0547578800968 23.1151261826204
41.1087630271619 38.4133110210683 34.5408547012109 34.2468525607853 36.7890658825428 36.5326575113388 37.5261463665005 33.2702432768998 27.5264725302077 27.0486599812964 27.8092823835921 24.2955306405768 22.2229228924296 26.8652081731013 28.7168251892677 27.9718720559728 24.3590656824077 23.0702053980146 25.1632419341342 25.0082578549885 29.1254557615653 29.6660094362237 30.2188728598293 34.5195702790177 34.6988843384361 35.2909915768978 35.8151816532573 35.5421425945923 35.1094453054441 30.2399850483882 30.7711153432132 36.3550516687332 40.4218394494972 42.5658866641496 43.5546087539918 43.2334923847511 44.0938493896978 45.3619415721285 46.3323141659944 46.2811712181514 46.2126904172839 45.7447717122292 46.7289198027257 47.403997154514 44.6832523687763 44.7669826570337 46.7924549456167 43.7317875361364 41.5610799813837 32.8110879025248 21.3596964220781
40.5737333785035 36.4472416401787 33.5626816549918 35.0010962547129 38.3439366922115 38.5358359677047 36.9503632321145 31.6063575251608 26.4006121384317 23.0695078250424 22.7217598212531 21.547910841661 23.5384834349937 25.8682180705477 23.1605264351235 21.0919707540848 19.3964518317605 20.7811336729061 22.9030312287742 23.0892575685292 29.183815519258 29.9164219740702 30.0076148892304 30.4710678107312 33.4636789548003 34.9614926737698 32.3963228534558 29.1679716178822 27.5697472308616 27.9351756661209 32.2555015411537 38.5983989983541 42.6907447479319 43.6099263300723 43.5486006754132 43.3194742879662 43.6278514227769 44.9176421457197 45.2043532624925 43.4878098091272 42.4922082035621 42.6534899927254 45.082773169752 46.0574695740026 45.1002434597005 45.276815574611 41.8647048673132 32.0767603804133 28.8418486048632 25.5092081806111 19.2418092570436
39.7586467673125 35.9084691352665 34.0159476864114 36.120911141638 37.9614198900855 38.8412811153167 35.8574736633584 30.7838837361105 27.4241730457703 23.794001089611 21.8132664778166 21.5003577003009 22.6150186709644 22.0583422040037 20.0628903365293 18.9003281379556 19.8322501087317 21.3213810887421 23.57813653769 24.1629057122425 28.2401405603498 28.1142478704917 29.4482998504882 30.8382379122571 34.4744828415553 34.7353060296196 29.0037550018374 26.1692867748828 27.368394024037 33.9700950687686 39.8751703792146 42.5540669951283 43.8119316550204 42.9015850108929 43.4340147436081 43.7608092491041 43.4027943599125 42.5691383914289 42.632367011966 42.9178530362461 42.1290178268471 42.5666968096439 42.845101488355 42.5516209906169 40.8752221809031 40.5741348673146 28.1751486323584 22.6123560232822 25.6485164959706 21.9948280566453 18.4059970174036
38.5315434622645 36.5261013113772 34.696410128503 36.2109725327805 39.0254555780029 39.0376577521901 33.68731494362 29.1759464550674 27.0075647187998 23.7715237136152 21.6602291574379 20.9451827677306 20.9453340864202 20.5472038956854 19.8533021206645 19.4940084080281 21.0842268937614 22.4637330259046 24.7107766826354 24.7930488559702 25.3465469080381 25.4101412529238 27.3734892365401 31.1197043187248 34.5339227483359 32.4090603359117 24.8810661936298 26.6802014518186 34.6772432080573 41.0595118225803 42.8263901638176 43.7326204357469 43.4568063410508 42.840949128103 42.8258689778978 43.7371588969198 42.871959692823 43.1682299323105 43.0390515795989 43.7315488596353 42.6977549802999 41.719476421706 40.9923765844 40.1911473414084 36.8695251323375 33.3238948007838 21.8530437763245 20.7214997613279 20.3203960391971 18.3171523910019 18.0467439121024
37.8490744216422 39.3461413371486 36.1319165552513 35.7260776937432 39.2030632520018 38.7317929768936 34.0172618305235 29.2020676142321 26.6177972361939 24.4421007547352 22.0898861723322 21.2187442627558 21.9856175224511 22.0230947923184 21.9296126324091 21.4411028739985 21.679050442566 23.383468046853 26.0004164885272 25.5864992760721 24.9704175891828 25.5333692160285 29.3371091168984 33.7412986106111 33.9921056942213 29.4107175244027 23.6659425768977 31.9381217541522 38.8318253257762 41.5212616893865 42.2539744949142 42.4618171422523 42.9826920752751 43.1158912165109 42.5983152653644 43.7506351834529 43.4433331750907 42.025322018516 41.3110281098562 42.6728195945514 40.3258042491063 38.8266448530553 39.9600048304577 39.9141785150737 35.8493061200989 27.907628957124 23.5787379115531 24.6115924542611 20.8807946228619 19.920394426043 23.1810555906876
38.1915680105275 38.8774629489322 37.1349224239439 36.6217712282231 39.5714561475084 39.2613802653637 36.17676459734 30.3580102229475 26.214314354807 23.5525848109435 21.9909874082237 21.645274670504 23.2040895491998 23.5999102489347 23.073243013123 22.6600121816927 23.1497823282131 25.792409591482 25.9919292674358 24.6407340916767 24.1601061287976 25.4946196315586 31.6248967554806 32.9161892541746 31.8894294850914 26.8254161325979 25.0562615475069 36.7767933830901 38.7896305523075 38.7039138698008 39.0405882348134 39.9475659349302 40.6875686674098 41.6564117735885 42.0875546535375 43.2537485842955 42.7679520829108 40.3796447887575 38.3708534047799 37.9005705641825 37.778066731333 37.0092110277562 36.2367102482339 36.7691814476776 32.3822579716542 28.2838400126842 32.9559974699806 36.1538864595505 25.1851683847112 19.1806595905438 20.232147484338
