Climate_data/clay1_4_Equal_10km.asc
NCOLS 560 
NROWS 490 
XLLCORNER -2904860 
YLLCORNER -5334205 
CELLSIZE 10000 
NODATA_value -9999 
[rows 286 to 307 of 490, columns 204 to 254 of 560]
16.1107588388293 16.9138750743854 17.3156353448191 18.7945069681969 19.2427399931951 19.705923626646 21.8273052083831 22.7088168685092 22.4395544990587 21.2635882119046 21.7894262712228 22.8391128509417 23.3082069351001 23.4479972389523 23.3662438263645 22.8989063209953 22.6467235750069 22.343359261214 21.7561698219901 21.1735337124169 20.6851109646982 20.5633116372034 20.5817685564926 21.0645817986717 20.9893461833429 20.6570315934138 20.258698348464 20.0928727707338 20.3970065773089 20.65473840917 20.3776319413981 17.9363623376438 15.168306465224 17.2684638421267 17.4111891115151 17.3135984737218 20.8159359314863 22.8574452470201 22.1325453363562 21.8407513296654 22.6535019731016 23.202446371321 22.9232523536425 21.7603507362086 23.5495808184523 23.6625460575878 22.6498464048364 22.855469047927 23.0944202728248 22.0072988471646 21.6864748663975
17.0418878945709 17.383712846512 17.9869273052407 19.2443745706541 20.4616740638711 21.7123559895916 23.1345949569164 23.2655979525671 23.6951863282291 23.4513050694147 22.8328980270304 23.1320402212107 23.2574055980812 23.1252180701947 22.8596728075349 22.6722193320237 22.481397174157 22.1805577955941 21.4397393765673 20.8637721693001 20.6435174536882 20.6054532510034 20.6653702191924 20.845654536948 20.6948747070682 20.645415050077 20.5471514345401 20.7631391897705 20.9471648861928 20.8746215402478 20.6927457722541 20.4003326590127 18.5973839749879 20.0042995231453 20.2656523589859 20.6539897416305 21.7727372201785 22.9741804462306 22.6600593974072 22.1700964029482 23.3981864588431 22.9717874329539 22.4743153191446 22.4549483275456 23.7687372502151 23.4520806976447 23.1399065052373 23.6864397835442 23.4851393708983 22.9839793205882 22.1640224573447
17.5935594666835 17.3392111531203 18.1927054689422 20.6973838621034 22.0545571142385 22.740547574543 23.5833620593897 24.439182421972 23.9380420377362 23.7579992462762 23.0539464925469 22.8341891202407 22.7031202317745 22.4247361730122 22.2112167907252 21.9978853754445 21.6809276476854 21.1983350102123 20.7645463588931 20.5636550553204 20.6975911749416 20.6646933394077 20.7609994739036 20.8020380265653 20.7619473308651 21.0077769825596 21.0829010742274 21.1558907679586 20.9294584019013 21.1489578111246 21.1014935556318 21.5129120066863 21.3108119139497 22.3842466908483 22.3644408077016 22.653066293991 22.7379224377431 22.6188338211863 22.7424705494322 22.7066549493603 23.6661050219161 23.4472391485944 23.4645340771977 24.0485946865442 23.1990450181888 22.183252504451 22.8256028338871 23.3425490126216 23.4657973112393 22.8078246429263 22.4529688150976
18.7469836506671 19.229053599721 20.3161456388205 22.1292989193931 22.9790802523116 22.8622830083901 23.5261747807151 24.2150356293032 23.8178810748042 23.5353788875176 23.152900677294 23.0075366937402 22.6747828944527 21.8603978167142 21.3853671949003 20.9439941061357 20.6835497561177 20.6729253112473 20.6922557328639 20.7253291069437 20.9747773743185 20.9159197176352 20.9031495261747 20.9899849458054 21.0272732363274 21.2134034157614 21.2473043910397 21.2768455412987 21.1501406624069 21.1892626258689 21.5054256721012 21.960994296136 22.2067120617643 23.1422294288009 23.3435701611271 23.3009998386759 24.1519561850191 23.6637959276537 23.6177454699723 23.2942752459043 23.1515309691665 22.7657794635522 22.8929595467775 23.7237755024376 23.9835093653829 23.0945410260802 23.1188087020471 23.6065680188511 23.2010783162389 22.6119172607422 23.2815714762011
21.2043598336165 21.8886148688242 22.4732524126936 22.5480901329917 22.8754069885356 23.0698399502723 23.547833705873 23.7708072813437 23.676575541438 23.4413000042249 23.4462630295456 23.5052995959446 23.2209212799868 22.4311243913578 22.0226697494735 21.5313234452993 20.9362937138652 20.9484056723748 20.977515332217 21.0887163492679 21.355941908202 21.3754233428955 21.383204192498 21.3938550637486 21.2211546985387 21.1576967209933 21.2955689587771 21.2655841564326 21.6018923951994 21.5870774813685 21.7382949670343 21.9673008482905 23.4524348969946 24.1818909210856 23.9291024490518 24.0836163429924 24.5037568418418 24.3049462850119 24.5267588876484 24.4578098913916 24.2741264439067 24.7595801159643 24.8488766138899 25.0095271778228 24.6181117131127 24.1022159641452 24.1996182565533 23.7416467963415 22.7290927775115 21.1884845047546 22.9740451294016
22.0884889741838 22.5248628206046 22.6840795734529 22.9549127826973 23.4572419304009 23.6767986578441 23.942193154587 24.0138376976199 24.3151474189042 23.9994869899651 23.962835808629 23.7874004776115 23.7932758506594 23.7056583904755 23.2937419630655 22.6930076182097 21.481774112506 21.4886072754368 21.4009245201579 21.5583129691291 21.5863730373433 21.7969372818025 21.5837306370837 21.4678029981803 21.4067938513236 21.6640931423742 21.7861160100056 21.6813772018178 21.6850679853602 21.7507825154162 21.8758314495081 22.1201442922753 23.6883211600015 25.2986974412748 24.7961174455235 24.9960949678493 25.3737925731876 24.8941237798987 25.088116381342 25.2202407809513 24.9945351435973 25.3503914482543 25.6724096883198 25.4651207001576 24.6900511408704 24.0696792450867 23.976858700776 23.489716683776 23.8080016742736 22.5011040951978 23.5876551248482
22.3260976165425 22.7479480290292 22.6514393210439 23.3104004934393 23.8185146393124 24.0087327838922 23.8636577395859 23.5614858262198 23.5143580310242 23.2032961982856 23.4527849903687 23.6129778280199 23.3593531298593 23.2708980986263 23.2053858781635 22.9038988856623 21.9046435740219 21.9454476459553 21.6713652538749 21.7635253229796 21.6824782487404 21.9657373105156 21.8881314993835 21.8408033660178 21.8221504408023 22.1004204759873 22.1882640173435 21.984759569165 21.8391050749869 21.9658303080571 22.2401977362391 22.3789417595819 23.1715416735826 25.6497980186051 25.375925096667 25.52025956606 25.8494239071314 25.4130725660832 25.4117669776163 25.5101309558964 25.1890095613233 24.9968648571396 25.6911276421451 26.2968588407552 26.4202670276262 25.3313976348706 24.4341140516602 24.0442439761474 24.9665223481462 23.946505357974 23.9589809465577
22.2962327228174 22.7278821595474 22.5005367480233 23.1832200841318 23.2657918968136 23.0687613124064 22.9195142027122 23.1415313429471 22.9057517271797 22.794743335254 23.2355016310853 23.2273891577544 23.0152477942145 23.0056267603442 23.1373996183408 22.766474067198 21.9372709978351 21.7119228303886 21.6338790951446 21.8717995787594 21.9238139607051 22.0810531250079 22.1292636723839 21.9776175066779 21.8839454211541 21.9008815742568 22.0805557340768 21.8890734350318 22.0642191855267 22.1172428618995 22.4736870210372 22.9383006409456 23.7647493651693 25.7422891886792 25.745415892837 25.7936046137276 25.9542741104054 25.6461885783627 25.4189670980663 25.1767082591522 24.657217155412 24.5753505983808 25.3724622905139 26.9183813308742 27.0530730574811 25.1757498670255 24.4294760813612 24.2576599575402 23.9120906477736 23.5402045574932 23.9550322640971
22.2594709656834 22.1969845277188 21.8850099032564 22.5251940309738 22.5950896085321 22.6033123346306 22.9128132412879 22.6749089524889 22.5188733946368 23.0044219423156 23.5928287012149 23.2976289702927 22.6102614071886 22.6996945097174 22.5915683487395 22.3333959222244 21.874055374922 21.9584730853106 21.9308628741516 21.7910312356139 21.8403419511975 22.1447368504758 22.0308116918375 21.9768321309324 21.7209282360863 22.0187858009098 21.992575122637 21.9135537287401 22.0091832111633 22.1141966990781 22.4809395506028 23.1072390937626 25.0189232443023 26.0033664628985 25.7118603537216 25.8030415929167 25.6596247723194 25.2841401065147 24.6761884481477 24.4107026774763 24.3153776639736 24.4678285023764 25.0871621381208 25.9970888707505 26.6599297123314 25.3345426020503 24.2687266046305 23.1343229527202 21.8009223645301 22.0566755491316 23.7786949433399
21.9402449652103 21.5844168820095 21.4613592882357 22.222119215112 22.436404836254 22.7216877870675 22.7815593109077 22.257593654588 22.5998301483853 23.3028547097262 23.5166276209331 23.3561458628583 22.5938934175681 22.4969145654315 22.4402083482502 22.3328103241879 22.1270477662027 22.3736312013728 22.1648607643159 21.9731806181787 22.3279159448001 22.552951514118 22.2495523626172 22.154100928729 21.9705160947349 21.9874272690118 22.2477019098727 22.1235436625827 22.0740542967884 22.2030952455834 22.4580134145576 22.9786040063662 25.0119713814351 25.3132782652394 25.5539745748335 25.5913116485326 25.1197575769405 24.4659575727203 23.3788093232389 23.2289141784685 23.5305163955609 24.3416386283024 24.672677838893 26.0298510539082 25.9215120644304 25.5669256496908 23.9210970426674 22.1874808160751 20.7625641975594 21.2818119465238 23.4860999623179
21.361019643644 21.3581797428858 21.4992155189113 21.967065073341 22.5329963654486 22.5041729337884 22.1437242382136 22.2889748469913 23.059996176824 23.2176275830776 22.9955651710571 23.3045894804849 23.0108259999829 22.6849938838541 22.5942041030622 22.7449836438776 22.9430807372476 23.1377962360407 22.5597651239513 22.1492379714869 22.5170410322637 22.9192305249869 23.1295997376014 22.9331694248688 22.5240124459929 22.4254173772648 22.441071923267 22.1761829924355 22.0605603950073 22.1156612850307 22.3092015222125 22.6200898909714 24.0086331442948 24.7149484862432 25.0895258454739 25.2315444325849 25.3350572426215 24.6573765945962 24.4071479146613 24.4512129069915 24.2252445660506 24.674382385263 25.284162097649 26.2352084697621 25.0674452207556 24.2275192393273 23.3318739800502 21.4106859821071 20.2224731538095 21.3427734462717 22.7231556879838
20.7221213395952 21.2549885339149 21.9081030646457 22.132836424837 22.1758348230153 21.6559625301866 22.1079298293633 22.825241761055 23.1628943551667 22.9724346234796 22.7718905082993 23.1779511007756 23.0976141953432 22.9558441715139 22.6916347759945 23.0834805318307 23.3846375489999 23.0997397846394 22.6496461417108 22.584295930086 22.8441059178891 23.2208276863487 23.2770492736899 23.1327280996104 22.6025301020381 22.5177214184415 22.3808337863464 22.2692066474386 22.0276430082461 22.0877906818783 22.3551138423783 22.5826575338719 23.7459364638324 24.5424943992013 24.9138160716547 25.6051616191452 25.861296806499 24.8444541329184 25.0382052512218 24.9390745468001 24.844547455782 25.5686975218737 25.6765312811717 26.2579453425876 25.7240631448725 25.005016115252 23.4242106992532 21.5198294637277 21.1219125200792 22.2973330685301 22.4817107871748
20.6208590709661 21.0528396367418 21.6845617768796 21.6674232164801 21.3157168821506 21.8468997764067 22.6670786993332 23.1683598826956 23.353355620757 23.0814021020284 23.0084682568428 23.1322140664777 23.1610690772354 23.0613710831025 22.9344090943593 23.3366773825997 23.4293132317498 22.7136911873016 22.3570501898975 22.635120289015 23.0445476650529 23.0965707832326 22.8785448944721 22.5150785392388 22.1990422394603 22.234944228517 22.0100684325786 22.0676698213539 22.0729916866089 22.1221362082636 22.4328446947837 22.489238197148 23.7445897528302 24.3982048975138 23.6298859720649 24.3797555185906 24.3524318651744 23.741295326775 24.201416373954 23.4918241529946 23.8480598022582 24.3667991352202 23.9217343560621 24.3599387324212 24.5348476829175 24.0872720252652 22.6999269591347 21.0981608091589 21.0905036654085 21.8518796154402 22.2272145374631
21.461806152407 21.7048802206265 21.7395402532872 21.1993317784166 21.5995418314131 22.9461600275155 23.4300304327683 23.3764435926955 23.523592453799 23.1550057924522 22.9562301101078 23.0411598210636 23.0700397098429 23.4086346182473 23.5502227081178 23.3171930851707 23.3597215015424 23.2004435865974 22.7827185290306 22.9533413443199 23.0026822234476 22.6187071790074 22.3768600940815 22.146716703359 21.9829213293771 22.0329812512217 21.785718959561 22.0708291211735 22.1809979352751 22.1702132907361 22.1410554822946 22.1164849928267 22.7181815480426 23.0967354840017 22.4433056860197 22.8637772814929 22.8522870774653 22.9439235464035 22.7427218613518 22.3444092191462 23.3869429080373 23.9306402598994 23.282320248163 23.2555373060417 23.096224543534 22.6892834189651 21.6132180442945 20.5070717442267 20.7361966601675 21.551060390748 21.9080893221691
21.4246744842997 21.6308555565559 21.8282007743345 22.1809638567176 22.9003959386651 23.3561357964856 23.4286452545916 23.2312225183335 23.0919100526512 22.8830428927798 22.7680892953027 22.9459798370977 23.0455756382469 23.1374365098556 23.2313894349454 23.3219670150152 23.5438257574016 23.4358848150367 23.1445714271924 22.9923174934409 22.8575078028705 22.6367413540628 22.4431120372246 22.4172543056894 22.1285170002078 22.0508663370278 21.9575047767257 22.3671502700088 22.3274281641394 22.1610654217768 21.8472750223074 21.8752748734894 22.0335013273802 22.6590108977107 22.7106134358587 22.8947885906314 22.8135056003494 22.6419148773598 22.7261952552227 22.7785628708892 22.8216431031486 22.4832984748725 21.655521130832 21.7905188712518 21.6477639567136 21.5132783438535 20.4256523280331 19.6463133851628 19.2424719404137 19.7722134184067 19.4174692328401
21.6559873310346 21.7227603997901 22.2763138976062 22.7561477578299 23.0963988593244 23.4707257537172 23.5507603819067 22.9411030243245 22.6646460279644 22.6796738777309 22.7958002841726 22.877609582234 22.824714940955 22.7376926674238 22.711364775742 22.9688005917326 23.2739071833026 23.1382784230027 22.9517123826724 22.5524964702843 22.8039853168498 23.0154038792474 22.8315509045102 22.7659571851624 22.3133214058277 22.1564715412933 22.0139597056285 22.0561360387232 22.2338804824547 22.4895808441495 22.3692855885972 22.295681634388 23.0110931834787 23.2774155291274 23.9189011447236 23.956253015038 23.4099890550026 23.2826300846689 22.0819635029085 21.1910017539484 20.1639887407256 19.5909884089422 20.0916382499855 21.2111445400281 20.256967478118 20.1896753422677 18.9676323045563 18.7374316605634 18.4923702053275 18.887425260417 18.3942066513279
22.2349464409729 22.49341911639 22.9647404335144 23.4153333467409 23.4344614268406 23.459026755134 23.343942138584 22.861866252744 22.7461828985181 22.5225025768849 22.2795136774821 22.9205343220273 22.9934501495371 22.7736861010933 22.7391660267981 22.8494677794637 23.0412568276129 23.2772631854365 23.1821098699599 22.0598787935551 22.208227009696 22.8362099885026 22.7808675208902 22.2412153533245 21.9071014978679 21.6778166555645 21.5398835938295 21.3763305587007 21.6134766623318 22.0167985660006 21.9318674076949 21.9321010619699 22.4614798423532 22.271974005708 22.2472165953264 22.1350534725204 21.7139604947188 20.0597820735974 18.0610762398446 17.9187096817448 18.3299533725079 18.2566664854642 19.7500823406884 21.4741747034332 19.8410502004472 19.8083715431204 18.5848165795551 17.9116554260254 -9999 -9999 -9999
23.0543707616801 23.6259059682086 23.91100417811 23.8934148226578 23.820699390241 23.2095726733573 22.9113169248485 22.8645134085949 23.0115218026474 22.4661382481519 22.2194190767321 22.5236256748898 22.7239302740385 22.5166512833046 22.6492192391285 22.8071663096524 23.0067425026986 23.3058048448396 22.9176011065243 21.5268944109231 21.1733907662458 21.4732043837387 21.4428363269846 21.1813267197182 21.2968550248545 21.3638529943741 21.3793313410906 21.1124842311408 20.9601069631066 20.8723817222828 20.8142028821491 20.7185603639036 20.6398535498505 20.6375641140237 20.6576825185129 20.8538499509535 19.227215248775 15.33030531698 16.1660057834778 14.72489376958 -9999 -9999 -9999 -9999 -9999 -9999 -9999 -9999 -9999 -9999 -9999
23.4348440409813 24.0926713903986 24.0927812342154 23.8178140734376 23.5054759464923 23.1787478591266 22.5548368101288 22.4617719886957 22.82979184648 22.5735048435979 22.2975459007613 21.8956964856685 22.0701847089939 22.2319489607139 22.5990649841747 22.6935918535333 22.4545579572169 22.7458233319227 21.8415759268782 20.9893662000424 20.9722958289821 21.1041931402397 21.2428486247748 21.4176357976226 21.5347557842218 21.302006520061 21.0870734610385 20.8679570572215 20.6406423186977 20.6693375434002 20.6871861746764 20.7713949673161 21.5765861413365 23.5222165143166 23.0089189389924 19.4876025064073 16.1908007722698 11.9890783617709 -9999 -9999 -9999 -9999 -9999 -9999 -9999 -9999 -9999 -9999 -9999 -9999 -9999
23.8636453848845 24.5560986238144 24.4139416797282 23.8039603809616 23.249109555534 23.2838134950644 22.7718041469105 21.936081873761 22.3906119837034 22.8029758145415 22.7947433931181 22.2233663438533 21.7281048397764 22.0579820535348 22.396810236092 22.1831405476896 21.5480771913783 21.5836318885956 21.2852210632613 21.1797205712931 21.1764465593428 21.2501365533164 21.382697080639 21.3356592669309 21.1630232502207 20.9527521904991 20.8335875993523 20.8465505314448 20.8349376942347 21.1165874468391 21.2810049760553 21.3794430887615 23.1625482687784 24.8737926580551 25.2388894183374 17.3293999753465 11.595708365328 -9999 -9999 -9999 -9999 -9999 -9999 -9999 -9999 -9999 -9999 -9999 -9999 -9999 -9999
23.5419151882422 24.3908288396452 24.5311616835718 24.1714568445107 23.1064254870622 22.8312151381339 22.2679056644269 21.9659775822703 22.4160359254289 22.2735474131253 21.8528883304198 21.9237049302649 22.1660065250226 22.2908889278793 21.9330462169834 21.2133031404399 20.9291972225301 20.9060741186824 21.0417244661124 20.9611730268665 20.606292396769 20.2215604088914 20.1369615540648 20.4402083329378 20.6772963911672 20.989982377637 21.1251563361069 21.3165602962085 20.8321026183783 20.6340508400421 19.7434433802937 19.5436698785025 22.3456232673383 20.6517467222795 18.1325244903564 -9999 -9999 -9999 -9999 -9999 -9999 -9999 -9999 -9999 -9999 -9999 -9999 -9999 -9999 -9999 -9999
24.1154018206977 24.5558898771183 24.2816552929012 24.2060152600012 23.4464908397904 22.3803628633919 22.1210224889296 22.1832158958509 22.1692781793579 22.4528149345237 22.2244001630479 22.1797057507099 22.0920535602919 21.7807805239228 21.1719939387264 20.439396544406 19.9956021196019 20.1480570986959 19.4120923491859 18.368803203302 17.1183811973295 16.0103001244818 16.1757531138641 18.9589868871339 20.6708133204674 20.9756732359532 20.5045548678599 19.6034373386882 17.0773500589348 16.8677718978279 17.0647917487348 16.5787007164278 -9999 -9999 -9999 -9999 -9999 -9999 -9999 -9999 -9999 -9999 -9999 -9999 -9999 -9999 -9999 -9999 -9999 -9999 -9999
