Climate_data/clay1_4_Equal_10km.asc
NCOLS 560 
NROWS 490 
XLLCORNER -2904860 
YLLCORNER -5334205 
CELLSIZE 10000 
NODATA_value -9999 
[rows 352 to 373 of 490, columns 357 to 407 of 560]
25.1202731468356 26.6718719820607 26.3572984931178 25.2416044730088 21.3063759024268 21.9629824858705 26.8609461560911 32.4562121908865 35.7929197935066 37.4541937370278 35.0564130520679 33.8885667153986 36.3611866859981 38.5876925907261 39.1360757026129 35.582512091471 35.9160957836238 37.2591104406017 36.2874286984311 36.2924000703341 33.7367411932687 35.05469392708 42.6555433567392 44.1591495539864 43.0044705530362 39.3932542703967 35.7728778878941 37.4507253857835 37.3956487578468 36.8453203420658 36.1492707301592 33.5873412097203 29.005401295855 30.6611911070633 32.8145146417512 33.2823071358163 32.0683933532584 31.4310246476086 32.2164847374414 33.3407020767708 32.6146318509726 31.5000861380858 31.993295694438 33.304764535875 32.5535365451827 32.4642066330781 32.1797384994649 29.4654342735348 29.2955395589149 27.9602860511409 27.1882904128711
33.410801113789 29.5247201643923 32.672490838618 31.4962327795014 26.8621504414614 25.6044698565646 30.9646467197271 35.7060397238757 36.7668504020346 37.6533443851268 38.0606059276094 34.479285605305 37.5211402705096 40.2057308844215 39.1141854902197 36.3757742873653 37.7695815922246 36.5170415087953 37.6244947599398 38.1845006890939 36.8412995184755 40.1568360273142 44.524514099249 44.7586958029513 44.104473434842 40.6813253941362 39.1435973344348 37.8608857422656 36.7232147638876 36.6092884475641 36.5676259673541 33.3379215014345 30.4756698309115 33.1903100072977 33.9112308976767 33.0559034355148 31.7793857818149 30.0137944053249 29.6901750481579 31.6417503055244 31.6708176727089 31.5895221550433 31.2271096751318 31.1316370294434 31.2394933445997 31.8577323949254 31.6469571864078 29.5128071754099 26.8267049318896 23.9169202754086 23.1670427929816
35.7080526284083 31.3409203678516 32.4089974535734 35.0171245705813 30.5151528345416 29.2433144242712 36.4330129124487 39.1366375262298 38.1597828495891 37.5953683301414 40.1316450250777 37.3829911828147 39.4661498021604 41.4903136018363 37.2287033423823 34.941940112245 38.8802594866417 37.6947327024786 38.3298287763679 37.5268548475219 36.129196279516 41.6199851104604 44.0404463575607 44.0778479703958 43.6313005679515 38.6688526065722 43.3864859924101 40.7461316214723 37.0954487031883 35.6860866494545 35.4141838713893 33.571787534753 33.6340303083685 34.6206724475855 33.634856495549 32.1300826472979 30.7302008185287 30.3723494128542 30.2280392477911 30.9498099164627 30.3675014770752 29.7203947076604 30.3737459822289 31.11822499237 31.0743925947782 30.3923997221638 30.2584098899079 27.3986737974825 23.0334421785787 22.4851304093497 22.5275387491843
34.4232415675618 35.6297702487524 34.0817607461486 35.4986865093013 31.8854198305247 30.3319565701861 39.0131344433819 41.1813417345393 39.418066488927 38.6263540309756 41.1496483788191 40.5789940270131 40.5864380508915 39.1965384667541 36.5208676460943 36.9717747410377 38.0332280657167 36.4383636734025 37.0730995452673 35.9428547409919 37.2422644050931 42.1195160883547 43.2076427320018 42.3682933809499 43.6427461079369 41.312667013341 41.6678888874879 39.9312366335305 37.3935005956392 36.2543076833923 34.590013828892 33.7132375896477 33.4375850567746 34.2932313990746 34.08102713075 32.356914198579 31.3698189936694 31.440819704529 32.9336917335823 33.6122673417129 32.944051825067 31.4676170045694 30.0021636566699 29.5846685602972 29.9782851523014 28.9525143129825 28.3209022833816 26.2965764806613 22.558592997397 22.0114736209608 23.7965511708056
30.4090003992525 33.6189474716578 31.1772913651545 30.8299446869828 31.1034491582469 31.9067028601473 42.1292040019119 43.1838626326386 40.9115333663974 39.8230204835195 40.657334071341 41.4678514497245 40.9713015218904 38.2525001545759 37.5167608218099 39.6162295569206 37.5306267643555 35.8484969504011 35.1236961481425 30.1543760573156 33.7069114744736 38.4709892891463 42.1421629325183 40.6972457201055 40.3405952012181 40.870582620344 38.6068327918624 36.3252805639461 34.2059737568721 35.8160710608732 35.8259905615003 34.4598320424102 33.3681177025142 33.4957033003978 32.4762126735086 32.0869734812623 32.5039965694508 31.4789156359917 32.5303486570428 32.8538888714062 33.3630184289408 31.9448526103264 30.4458235775251 30.0505149816296 30.0641344308642 27.5265347879963 25.5640798783232 24.2711020616476 22.6538909944834 22.4632935124666 25.037800971231
22.0481872204484 22.4989159867272 22.0117777967914 22.0372510430307 22.5728599684095 29.1256041199248 45.1044583702154 47.0333607925995 43.7901466681164 42.3265690435649 41.9982434859472 43.0702944081226 41.9654442987965 40.7027407720079 39.9943245572922 41.5668160065805 38.0511861047245 32.95059876273 31.6999899414704 27.0338628619127 31.0577421368138 34.7905256949679 36.9460374082639 36.4905487252275 37.3485084133096 37.2718101155631 35.4244405879233 34.4812935213082 32.8478273551109 33.7362420694899 34.1222103023612 33.7840052004846 32.0196943276884 32.3562894592731 31.7347558960481 30.3337172495492 31.4521345731737 31.8407744159949 32.1550293108499 30.2273632735885 31.0684820643392 29.6655702182714 26.0239201022972 26.8612666419929 28.5075066180972 23.8096277887182 21.3300212831751 21.4047415572434 21.4833176876527 23.6184756075993 26.0187437221435
20.5971511719869 21.7983991519118 21.2764086524224 22.1839770685808 25.0671843390264 32.3974426539245 46.9743624902577 49.2298276241758 45.6742977391653 44.7534042708153 44.8047436263551 44.5879199597106 43.264054118989 41.6393687153863 40.6732619019844 41.3244416114236 35.80824034146 29.4011425088125 27.8278901270428 26.5279405106009 27.4797242977341 32.1242257537465 34.5773390302203 34.5988028723266 35.1937008063043 35.1330103349496 33.3417965510669 33.1133441490526 32.4301714103723 32.1976045181509 32.6082200834719 32.7856374033128 31.8464381159793 31.5564120956112 31.0149447030975 28.7770191071221 30.0564914334658 31.0513541259487 31.551074076801 29.6582578000321 27.833716487648 26.4239162635896 21.8408482473049 22.5656350126035 25.9683889754402 21.5337345029207 18.5176242624467 19.8315027867032 20.7217553631101 22.1678098706533 24.669062607276
30.6261559009825 31.3538706977127 28.8412218562198 31.5951651592154 36.2083312708042 40.223763948681 47.1971882976695 48.7879346249866 47.4263262242752 46.403689948686 47.4178132657975 46.5246193216992 45.1232569667468 42.257143146013 38.6589462646051 35.3092651456982 28.9521624811242 30.0808256440965 28.3332859084845 23.9458984053899 23.8792002128935 28.3502250624504 30.8980328655353 31.7853028341687 32.5111580511003 31.6474845545323 29.9495032274348 31.0377875829654 31.6957420043261 31.0962662708108 31.6309824728749 32.7408399351143 30.4164782854153 29.8364180230248 29.6215908350746 28.9523477264175 29.4037770542978 29.06248004862 29.0581075107842 28.3999594779559 25.817607358951 23.4500991403682 20.5691010358103 22.7927795508225 24.8512562305566 22.5834270200287 20.1256557063955 20.8519456197993 21.3106928279391 21.6859362767529 23.1529779210503
29.3165128338604 28.2144273618548 26.7606532761329 34.4671158587704 38.9841551057355 38.7678272259794 40.8650547621853 43.7754910728154 44.9108118520044 43.8771379355931 45.8552403507848 44.8638807334225 41.1197349467977 37.8387792755677 32.856769593509 28.1574724265954 25.4477011033351 28.0597003889216 27.80048907345 22.0006055775989 23.0354264526093 27.5844121056582 30.4861771345303 29.2572682052667 28.5858225044849 27.9617104179333 28.0590232041784 29.2029601804647 30.104335054308 29.5466817325535 31.4902581219217 30.2944084648534 26.7095076044284 27.2994652353211 29.036654154986 29.9925812429022 29.049985606039 27.9032658479487 27.5004843620491 27.6324994653756 26.1760397142124 24.6284915670008 23.4090843096351 24.8468148189913 26.1767063609763 25.1007959618215 23.7323919314898 21.8585155224077 22.1495299524306 22.7299358054588 23.6045700902865
24.8168746414184 24.2602424814165 23.1301033073574 30.9654820573181 38.1185673611679 36.3285592079811 35.7497157040161 38.3585214393086 34.4611364147926 38.690067745184 43.1604651417988 41.5263935921127 35.3512276212757 29.8183899643932 25.6985118145391 23.8317966081902 22.6285070674104 24.7863949123293 25.9193569032742 21.821125169429 24.4896727145843 27.0599370568617 29.5009961204597 28.0388191911405 25.2013641590586 24.8947237117051 24.6091885436123 28.4020892797791 28.8362901136874 27.4601658653889 27.2550627338086 24.8941947422212 24.7089116397789 26.3512062966701 28.833796468867 29.4127789466405 27.5998740371395 26.2337571814356 25.8221797143434 26.2227041875259 26.2034167468007 25.2309168595139 24.0820572343631 25.868453607561 26.1062676157223 25.5726626357043 24.0748456996964 22.4452323862254 22.2342058149064 23.3715143752867 23.7510913059235
22.4020465745705 22.5852005476995 21.4201965486604 26.7115360553555 32.1598755564658 32.3055812592515 35.071382896079 34.7381251906096 23.2206556365765 26.8303218310254 35.1896225766901 33.4452570423672 28.0614516237073 26.3713793145577 24.9283873827046 21.5831482849962 20.0118942990687 25.2165103838989 26.6139170978949 23.5954370985712 23.9422058565539 26.132805987048 27.8414217043122 25.3539139597355 21.8640963721217 21.9759090749656 24.2126363401925 27.6075048364136 26.8345555200076 24.2650060608138 23.7537259803137 23.0044885225079 25.4113242459517 26.8272072909933 27.0206375439142 26.6859041854841 25.2335632223899 23.3608419517879 21.3332299176228 22.1351399726698 25.1115717015871 24.9815055476867 22.6758540635591 24.4026571136923 24.7332475439292 24.2862752026062 23.2098895126782 22.9460196143362 24.093494921238 24.4141981696792 24.454491906971
22.2973534486612 24.5316659996269 24.3875841936315 24.7687392650556 25.6784059159673 24.2133096531374 28.111985607076 27.4586133169618 20.7411507224039 21.8314988719 25.1396035548051 26.060407443882 25.7223060998985 26.3959040883794 24.2200583628533 20.2120227001287 19.7057574547475 25.4181468477807 27.4007010548718 26.140185744149 25.6228063130949 30.2311145075187 26.5531456746678 21.0600756066443 19.479467773087 19.662353876473 22.3019198889664 24.8489774922574 24.1699026400223 21.6997981701072 22.869585989138 23.7381862244056 25.4568180283464 25.9477513175467 24.460987180072 22.5005797850046 21.0633492470019 20.7750586452455 21.7686012556271 20.914107621183 22.710311250081 22.8514552075638 21.3999900178369 22.8997119490491 24.7854170756081 24.4738304747346 24.3000811352604 24.6068072189386 25.7172868811892 25.2084422333409 25.6108230462486
24.9423411714954 29.8300847458987 30.8529441306429 29.107119884699 26.6730022838628 21.0657157895861 23.4754172264145 21.5510999629368 19.3373011363461 20.4465124436876 22.869005525346 22.5889037535853 22.6770680897304 24.5310468417251 22.7769868201801 18.1185490766477 18.0168871106264 22.8249174978009 26.0889507303446 24.5918706024294 25.3922585225023 35.5850559394287 28.8516100339293 19.6675693130828 19.2791406060574 18.7097153643885 21.1111059195129 25.3291493996119 22.8784635050528 20.3831134603712 21.0585774399437 23.1418625997465 25.541034384989 23.2149786563437 19.7533352913076 18.2893124235767 18.556984716087 20.0125263911262 21.614009330824 20.5251304288474 20.3568459422519 21.2255820547444 23.4676978093021 23.6733781698317 24.5207475110473 25.233328522525 25.013592375751 25.9807498647241 25.8606962757387 25.6157568870779 26.325006046385
31.133993223731 31.3175766853454 31.2346732602612 30.8320736316611 27.5082349997528 22.3694032815846 22.6744233851243 20.4303276530427 19.1144272524034 19.143746557247 21.8342186155969 21.7242524100382 21.6879598134721 23.039685014873 22.3557909309242 18.4306835457682 17.2917800664884 21.1117938334715 23.6496662492545 21.5745576639753 24.2209814964047 33.9484714219513 29.009569555511 20.891625186252 19.0799169341709 18.7379297129418 20.8400033598503 26.6980754033116 23.5719385384104 19.0195531177349 20.2780074165431 23.9336135459985 25.5840366143686 22.7435863159822 18.2127437574339 17.5259530955302 19.7594523556352 20.6461445030449 21.2173902546412 21.0338623544256 22.4771678070011 23.4500505436257 24.6855408656433 25.1156937355998 25.1606921155063 25.4573832493317 25.1365723651777 25.9804344594329 25.7723097766228 25.7595389048771 26.4457053631648
28.8751561534069 27.17487899859 29.1695719723476 30.6122354945504 26.7415187400425 23.1488113692152 20.4941830495376 20.1390873456443 19.4556366899951 18.4600392530913 20.3965765042582 23.0641056499373 21.8485531328665 22.8823030712246 21.0320603755114 17.8935005336106 18.7181758126496 20.2899236441933 23.0195740837459 21.9097420303323 25.0774827857561 32.9382763945641 25.3775338799938 20.3574616711342 18.713639355441 20.0525627486586 22.6208397352338 21.3173299963859 19.2452205267871 18.1326473648069 21.4372041378809 26.3620312222452 21.7191303610293 19.5194600246728 18.8516325843581 18.264242616557 20.1937250660689 21.0844693987714 20.7385017778859 21.3727273459387 23.4511980820745 24.6759137652003 24.24791785409 25.5042449507313 25.8407810640374 26.2561004609419 25.507405821548 25.4056526909469 25.6509281939041 25.8053362974386 27.567399745335
27.3233319594625 25.6857750104288 25.8301383934122 25.6687265597324 25.3668200160909 24.7235392761017 19.9497334812211 20.8365382076668 20.0102309497677 19.2970339583206 22.3337771809585 24.9208328909214 23.9167866828973 25.0847960873956 21.3954448806592 18.8281669645282 18.0555030069343 19.7951072910369 22.8859877808642 22.3010335605528 26.113661881904 30.046477488177 22.8311683373715 19.4693660475138 20.0458546921788 21.8433118985771 23.2703432938136 19.2185476512102 18.5492484180414 20.9651283595431 23.5196774780547 23.8036097015343 19.6714601200014 19.6379539979902 21.170638837926 20.3402947329797 20.0778276041711 21.1530070433511 20.2486798001314 20.5797919085357 21.8577907904146 24.067118730031 23.9307077811463 24.2941486115831 26.9420151409082 28.0217710912157 26.6105368584879 25.0352743049917 25.5948464387693 25.8550593021492 27.882312493193
29.0341290657116 28.8799769558305 28.6128620499081 24.4904950140029 24.6183606826728 25.1075913837844 21.4048566560105 21.5813882906845 20.9156331163964 23.7149915998038 26.6847364419998 27.4818844154359 26.9938380885997 27.1247717196676 26.9146549667296 24.6355728828613 21.0146970441796 21.9101610733093 23.2836001114376 22.2372241900109 23.9239911310481 24.3155831555731 22.9157122571834 21.1219154998836 22.7909154134468 24.5276095159787 23.6507822176014 21.1652033139829 23.4048476511562 26.1565093639046 24.9148723405307 21.6268228520474 18.7139027093405 19.7491801742241 20.9071966249452 21.6588019877817 21.1900566097065 22.6508672157465 21.925044265851 21.1009742780406 21.0681213355841 22.2257555241283 23.0766473283858 24.5490747098093 26.5615174840145 28.9857117232578 28.5671328210786 24.2445725346246 23.9214568076733 23.9219325505654 27.4719855304519
35.9712930726254 34.8659891241243 30.2316092701055 26.0027461767612 25.8685854228036 26.7111284233838 25.5888957745311 22.1980032042665 22.4039023966942 26.7427668596044 29.304548880489 30.1603464007253 29.9797616930586 29.5505421985877 29.9791947376861 28.4886703045411 25.3019837002699 24.7661123739171 25.639853853845 25.3331494407368 23.91230982233 21.6793621441606 23.0973675348521 22.8340261971311 22.9817680873428 22.7331391312499 21.8295249264721 23.2617092127308 27.4973387573094 29.6071224139998 25.6368654607529 21.7993855629284 20.6682483422345 21.7084722944836 22.0119576368755 23.0101557838219 24.3533090723214 24.3485207040935 25.0921648951637 24.6928730215338 22.145159652612 22.1479097304696 23.1315799982673 25.4231035831043 26.7727573701712 27.5525847349576 29.3606427825093 24.4324717717363 21.7857155307006 20.4497272398407 22.6854083165779
34.2179824322875 35.6176795960818 29.6924315069089 26.8331873194703 27.916548966038 28.7727527416953 27.224767107217 24.9228464655559 26.3755709428871 26.4079430045152 27.8770119653666 30.0217369894005 30.0346970251477 29.9882322253667 30.4996131002598 29.846810265866 28.0012895578978 25.7228941843655 24.6691859631053 25.4703522642317 25.4742326674633 23.2055387733554 24.6256911655489 24.1227145688202 23.9069541687827 20.4805923746138 20.3289604500945 26.0300966667305 30.3746234873434 31.4713118171882 30.1725542275181 26.0599447750301 23.2865699752887 23.4409773906857 23.2624381133689 26.1615590511142 29.5389269891013 27.9714643874595 31.1785703650667 30.9470920706414 25.3253730816298 24.518094557982 24.9862210599539 26.5176909323812 24.8078990292881 24.2072074507427 27.8623142024594 24.4494408831359 19.7028133158996 17.8478038771649 19.8739983925199
26.1090250748691 28.6820594813996 28.1586139584203 28.2986856377816 28.944230607876 28.5428383931594 27.8047695622657 27.1755964590647 27.2797653376297 25.8126697589977 27.1100208444531 28.0459611236051 27.5722512384244 27.9512960686694 29.9269111796831 29.0743371576194 27.7908886556654 25.0353768676494 22.1103967767338 21.572278813884 24.0052485129857 23.2464537010736 23.4929407361049 24.2429257963828 24.9057960813489 24.7581575318344 23.7610862341775 26.4843212724075 30.6562865329714 31.3848715080993 32.4975412995213 30.4410152233312 24.8175849179137 22.8902426572446 24.8198050282716 29.6931433566493 33.1627559220909 32.4420212854697 33.8575869709289 32.8080036238215 28.9753641463192 27.5859593736269 27.4673888775841 27.5814041700791 23.018323791497 21.346060153931 26.2377355324299 24.4379990174378 22.0596752423395 19.1937584646626 18.3007978706626
22.8429154347163 24.9920656647381 27.7989474632983 28.1104335901785 26.4290109654989 26.7192879219285 26.9698881778654 27.5443487276004 27.5131753526845 26.9213117645859 27.3441355432573 27.1870142000887 27.6444190091771 28.5238850100412 29.5113859557996 28.78909659478 28.2699238072183 26.7515368612378 24.9535562496933 21.0447622068039 22.0859064190726 24.0076426771746 23.8667165594184 24.3938381064191 24.7801302493128 26.9100405688148 27.6892002717864 28.505331936059 30.0623708900641 29.8173936039902 31.1007726909497 30.9024365868428 26.5552324810198 24.2086660552486 25.6525025738838 29.9605865282457 32.7042337964466 33.8682801891164 34.0442991880534 32.1453130227586 30.3583857604881 29.3893696474801 28.9292125424808 28.4213971499043 22.9051586436105 18.7558234596913 21.3956339619045 23.0933938093837 22.3492126434877 19.6896459610959 17.3796324333516
21.0599370449839 24.5222814205487 27.1067341472235 26.6766243059087 24.8284776648885 25.3446091641223 25.1202655777589 27.7837263370041 28.8906866844969 29.3433215249854 28.1190572383943 28.0094759876695 28.1040545975495 28.9578726973692 29.4809358740981 29.2282884213767 28.9359995851092 29.1111453657198 28.3599168807534 25.2038554271095 25.4005813743829 26.9669796428512 26.5863809095541 22.4391315473357 23.9131615864976 29.4201955736454 29.6058200352944 29.2191614797904 28.8664454220215 27.6645467988167 27.3231603505712 28.2498857935723 26.2548632281273 26.2566273178823 27.9920999256786 30.7202607822084 33.075683054758 34.3631569996141 33.0901067270158 31.357177278395 30.8606512490708 30.4572787347995 29.7298803385644 28.9136660728929 24.2372993148775 18.8208131413711 19.286448899368 19.4303329772192 18.148966131455 17.0193841663268 17.4351638756677
