Climate_data/clay1_4_Equal_10km.asc
NCOLS 560 
NROWS 490 
XLLCORNER -2904860 
YLLCORNER -5334205 
CELLSIZE 10000 
NODATA_value -9999 
[rows 132 to 153 of 490, columns 204 to 254 of 560]
12.2609934069771 11.453233542384 12.2651755886296 11.2022586650258 10.9438865960803 11.8092490237725 14.3982266199336 14.662057473787 14.5206522543738 16.409770233465 16.3054405064101 16.1187980509652 15.596357337596 15.4103657333859 15.1911877597957 11.8820535179617 13.4242953661907 13.1410474690289 12.34988580499 15.4581085052505 17.1200871195891 16.7255182250186 16.6908815435386 17.1368735425834 17.4436303110532 16.3999117292415 16.1724397321637 17.6813609887823 23.3723785473769 32.2549665608994 35.8503839440927 32.7021992463081 32.7687110416513 32.9272890821856 30.6619937117005 29.9622380278022 30.0422666703318 26.7858928522774 28.6353004768478 31.0394361850744 25.1772702057469 16.7674195911857 18.476638943311 22.4607825805298 23.9280245712969 22.7586545662724 21.9448854959278 21.8769284978201 21.680064156046 21.4617960728447 22.6594364240656
11.2434199836567 11.3496258156298 11.7001475998995 11.2706089177044 11.1768921332872 13.3746982698178 15.6561646767991 14.7097375953614 16.3440950951354 16.8063025387839 16.3606568098119 16.0995695073086 16.0141501780541 15.9425489654093 14.0499268805686 11.3704917380885 12.7314900463545 12.3622428888174 12.4623136585061 16.165273044891 17.7609618363289 16.5828777071299 16.0318410697727 16.2006622234449 16.3607358368646 16.1459699774383 18.4406407493802 22.7376102860367 28.8668045945095 35.2001101590044 35.0791023571738 33.3539665330437 34.6871408459244 30.467294486241 28.730476679708 30.2064236637815 31.2216857885759 29.5690202054647 29.4798274703644 28.4298084840064 20.3101257556281 16.2446400187414 19.1139707328786 23.5225242461535 24.0442895758679 22.9911325064241 22.021718284634 20.9947071398158 21.1547350329371 21.2119762650485 22.2492267863804
11.2536476776441 11.6171448075792 11.973843444049 11.9589568672985 13.1787219826901 15.530468042406 15.2428782800969 14.737276505277 16.3507391042362 16.4100764681799 16.2079804862706 15.092519745608 14.9728840259133 14.3607896827059 11.4267597670539 10.3999223102608 10.7762244422752 10.9709838724781 13.1143043655618 17.2011553948823 18.5668085104914 17.1004487626796 16.178523254678 15.873013231401 15.8092849190085 15.9494637549622 19.7425452249276 26.21954384753 32.3762246174592 37.2879611786562 35.6785927983823 35.713268084634 34.3180017178223 28.7030442254214 27.5643971562607 28.3142598459019 29.4081402993302 29.8614502169937 26.9876995829385 22.0501250706133 17.5519120355448 17.4836824828327 20.9417577162508 23.7374807741123 22.898938633177 20.7367987978912 21.1044597408454 20.5643231119345 20.8286988862116 20.9428086662982 21.4969215218099
12.7631217572578 14.8368586968626 14.616085587834 14.2695256252341 15.0115172736228 14.640380407153 14.010423645216 15.1677922670409 14.9375184356008 14.5941528416429 13.6349839751488 12.0244599979226 12.1790051479016 11.7706440694274 10.6745748319614 10.7949380675016 11.3883451849617 12.0460816001726 15.3308932567464 18.7180130056934 18.8531781960703 16.9335107173631 16.0850971639311 15.6976669325655 15.8619515358357 15.8562177450729 18.3249634053068 25.7352234802813 32.552620315594 34.2851278263274 33.1374421642996 31.9006071922998 29.1212046345038 29.710012467415 28.8953030482726 27.2155257342246 26.8286966710152 25.6973513322425 23.0794276346301 20.8815091668009 19.8692654155525 18.8962077651336 20.6246440140254 22.5850144001963 23.0047894264617 19.9595632075234 19.551798317068 19.567109204641 20.6709982686741 22.1691536179409 22.2009791570747
15.0744390640671 15.0912123220607 14.4262604998905 15.1347130712994 15.9098603675717 15.390120571991 15.2046006722147 15.2101431025273 14.0290245732685 12.6774252013836 12.0549080542352 11.6192723863568 11.3600549991204 11.2557792164072 10.8888531394047 11.4621014477437 12.7527818903106 14.3270674698657 17.6564965932845 19.4873556937943 18.5709140671076 16.5225537191276 16.3982320909515 16.0297517542157 16.0564267353422 17.7043037510277 20.7176375433661 26.7521091942561 30.7572586570776 29.5190928052424 26.722703413856 25.7806562979631 24.5212151528311 27.0990869506586 28.5470271849185 26.841528863861 25.459395448332 23.3878980666031 21.12953207752 20.1538584053345 20.418370013414 18.7905142761211 20.2337101565327 21.7027959733566 21.6934396078519 18.9737302884562 20.0639018427146 20.8970565779135 21.3452723223022 22.5045719816228 22.4847676823116
15.2618126284635 15.1804513080678 15.4586278833039 15.7624178234065 15.8433922296218 16.0943073700959 15.568055433865 15.4450286952564 13.7202962369026 13.1949311485368 14.4690405402802 14.098461862319 11.0320447233132 10.5953427199725 11.6298164320624 12.1902175949874 13.2957714862359 16.4860237496322 18.8695259604789 20.124214120093 17.7356291270651 16.5466443782603 16.5345763684253 16.3847582210168 17.6679429052794 20.3607397276567 23.075334636285 27.7498185450095 29.7508419800127 28.7161519219871 25.5212295980413 25.3147568606787 24.7952848093927 26.3073564842096 28.4276152044543 26.4590760258809 25.2425008053817 24.6723514698703 22.5081968742709 20.8201398539965 21.5115705630298 21.4215236861917 23.5493550797023 21.500139305234 20.8616990209777 20.6820830419342 21.6915726249792 21.6452843956064 22.7238292824872 24.6361675196502 27.5891900500906
15.3437401307238 15.5088429657297 15.8718105257563 15.9029989354061 16.181416356139 16.1149399258754 16.2795197200942 16.4853525907084 15.0049293392959 15.3391202149229 16.5255898021283 16.2464091914892 12.8348731058867 10.5069186236198 11.2366498000913 12.2280188398046 14.056899060288 17.4052164495479 20.6352801687194 21.2959853398003 19.1879373356808 17.7273583572865 16.9575087514718 17.6566481316207 19.7143288843997 21.2770982294421 22.6285795025916 24.7771790804519 25.147410032847 24.8960297496841 23.6211074751895 24.3495867878139 24.9032952122395 25.3033833913076 25.4878421348318 24.2309094667606 23.9548267521315 26.2570213957578 25.7093719120339 24.9849560088629 26.8249497122905 30.8847524716798 31.9314987500298 25.4599759025167 23.468970660771 23.68219096125 23.671656569701 23.5304477174319 30.2247356082359 35.1398380212858 36.6451772969986
16.4579839366125 17.4367324359614 16.6890749572847 16.7746665737446 17.3382994782032 17.1696167867093 16.2014748540457 16.9514730638332 17.4791793680888 18.2000623574886 17.0475241322072 16.3756664986119 14.493901378494 11.2097288894001 10.9889443526645 13.6796775099537 15.8357737271702 20.0119916188439 21.7354967440313 21.1680079437912 21.2596370588176 19.4512485694403 18.5351960568788 18.7783771706835 20.5879602869036 18.6322127275858 15.8387217331872 15.1046432754243 16.3590686570972 17.163611103344 15.2776102676791 19.9728292129748 23.6049474085166 24.4787540027244 25.0255076074603 22.6273708753873 22.7868741166152 24.847345595335 26.102370469062 27.7439513381526 30.9805487243335 36.1858647792426 38.6016432430177 35.8815758259954 26.8178965461474 24.6278844498175 23.8488277711965 29.8810120705939 36.0544728890186 37.6807327019041 38.214432048506
19.5064508224673 18.3854392511498 17.7500194616594 18.2375843055395 17.8839975571405 17.1508361410181 16.1112803680435 19.9339493549977 20.632062795564 18.8260493521804 18.0843966314918 16.0877436848037 15.5642722576577 14.2472934287844 13.6959946521734 16.3013061526489 18.141264423996 21.4617404982555 20.5970917305573 20.2243451019767 21.9039744695073 20.5492744477612 19.3215118293994 19.5516386132313 20.1475903119619 15.7131888588683 11.4135307674897 10.4685823225389 10.6043691404999 10.9241947085508 11.8795774035052 18.7860230880002 20.6247653691091 20.6701215497797 24.0702829033215 22.2671293162316 20.906884706564 22.0788236135877 24.3916580416797 27.140596908883 29.0017898499046 33.8180233505425 38.5095920205225 38.5573092652136 26.1044178052407 23.844791636551 25.1010965767749 34.6832856332602 35.6418354463331 34.3600119396888 37.0048350179762
20.8933742368398 19.3114707557811 19.9792438317281 21.9271765145519 19.0812811555338 16.7023709385947 15.9475189001435 17.4809639032879 17.3507643030927 16.8322412443573 19.2514798750443 18.7523136050654 16.7479662664403 16.1466109408328 16.7410927580946 17.5978858621637 20.1651460845467 20.8657555553182 20.2233721852258 20.14538926272 20.3095648818092 20.0695744168232 20.1805599355498 20.062484412323 18.6487476454794 13.8938905248737 10.9069731931755 10.7424214107698 11.0182123539496 11.7825956195692 13.7254976081835 18.6008768932513 21.455764768385 20.0332710620437 22.8575979068955 23.4213817551337 22.5870262289845 20.8762718922212 22.584275719556 23.8217775809722 22.5083426582372 23.328553965943 25.4989471763824 30.2215862511355 25.9207597345362 24.120835163744 23.1016545599134 25.5849157105116 23.4727996596999 21.9525589795332 27.024486808905
21.5120888443331 20.5900548683955 22.6440074604978 26.3624829509185 20.9955996735545 17.4629652862807 18.0758671436586 19.1014844348904 20.4113558350361 17.7247374160798 19.6639718477848 21.3189217270392 17.296369164736 16.5309724615605 17.2892521647872 17.7393330937657 21.0011795523401 22.7845803986781 22.2066893382289 20.9366630785918 19.9678998403729 20.042548965671 20.5760630610055 19.68761963359 15.7589574875436 12.1078567318429 12.3251318404203 12.7416438409368 12.6856958344297 12.9269466347931 15.057731025768 20.670953661309 25.5113298158591 23.1512631365666 22.5129693938465 23.9799754691396 23.7795888089731 21.1615633294292 21.0612607266265 22.8016858515908 22.0452841653937 19.9167539755729 20.8402206240869 25.5807830592318 25.6143547312971 21.8351942137638 20.1522238796791 19.6263765009116 18.1983507054677 18.076538930466 17.5164232917109
18.2704653241151 18.6933408673118 22.3975084294558 26.2694965981014 24.3489460105084 19.5109554334509 18.3393327443504 18.6903689825043 18.6118150227746 18.0894887740709 21.4026042381981 21.620531107953 17.6036773964536 18.7539155021898 17.9428973515775 19.0593266067189 22.0592857865362 22.4356015932449 21.7714862184932 20.1621144658199 19.4298426534507 19.8839299703455 20.3378041355409 17.6207143192397 12.82548064883 13.7327355239681 15.8301036249182 14.0489881248544 13.3867911049713 14.3949899175651 19.2319296694171 25.435709329123 27.7931104932556 24.5203079514347 21.8249130603163 23.6166250920008 24.2027081148815 22.5252760995139 21.1919820182586 22.9930533905898 23.4200392379847 22.7259555742307 20.509478853151 20.7807729506909 21.2091684942359 19.8303941173639 19.4740616441301 19.0675140171667 18.7217102694732 18.6136268390068 17.2139267059102
18.0218431103599 17.8891078736518 20.5056352210496 23.9311464832938 24.3276099488611 19.8480536185345 18.4543345618189 19.2013485548252 17.9528082960376 18.6620898926374 19.6829545503114 19.5097762962463 17.9209118042802 17.5849318069671 18.9683100281647 20.9065463921412 20.4811034845341 21.8158013727824 22.4190924021436 21.0034737184457 19.1737319579938 19.1182316125556 18.5358808561152 14.9155632090713 11.6064150173537 13.766007064649 14.3385445660719 12.8201914799192 13.1399073673365 18.0633650077655 24.2996019948166 26.5773175186153 25.706791711551 23.1590548675484 20.9509538542816 21.6204810120346 22.4190084673705 21.521047707712 20.4118049705408 22.9239393547842 24.8073558020667 22.5478971066215 19.4973459559639 19.1916656659547 20.3930032303972 19.1467545714855 19.7583114436966 20.9874823612618 21.2058162807185 19.2011992852063 17.5792759583547
18.2494659070206 19.1297421073817 19.8114995899404 19.312826930223 17.927472493234 17.5430097069559 17.6992817032715 18.5225394022502 17.8585140198071 17.7306324740145 17.4442706907102 17.5135065784982 17.5788207229357 17.8537895766029 19.4575240068922 20.81898311168 20.9577695524866 20.8509047337541 22.8987437038745 21.5896943290916 18.9701917614058 18.4906256902186 16.1835973103283 11.9552897028101 11.0454843994027 13.8526851589643 12.753580629617 12.9880324869866 18.4251158722876 24.9109047143007 26.9755650427488 25.8770235983771 22.6593531570948 20.9159454376647 20.4122803588363 21.8684257534787 21.1345908249395 20.6253264043447 20.0269320510638 20.5137749301705 20.7883425310583 20.5863192130104 20.6354210813452 22.0623165695399 22.7160143512239 20.1946372446924 20.2627270717739 20.9294877223327 20.2075011446745 21.172031923963 21.5108997610216
17.670650168944 17.9952660037047 19.1117962843586 18.98590020269 16.7076393394061 15.2974404841707 15.6159375319296 17.5468283775403 18.4772415399629 17.8547258673619 18.1079182643303 18.4129049587041 18.3435607357663 19.014480947041 19.603903020465 19.9795232640913 20.5740964509007 21.3585043636831 21.882927750224 20.5533412196499 18.8848634869049 18.4748141405326 15.5376497708891 11.354945291302 12.3998260206886 16.47308402758 16.5780838042825 19.7156558084306 24.3276062463974 27.2421420873645 25.6835278446663 23.274943828303 20.4855892257819 19.9921839454848 22.7164442138041 28.4322069804774 22.5910404465011 20.7853242909313 21.1480254918659 21.4273450572009 20.1040912143858 22.635611558748 25.559284914403 23.6426851823199 22.3887464737079 27.203821329624 26.5610804285911 23.353444495087 24.598050205252 25.6911027013054 27.3449000772043
16.6719718530151 17.6300397450648 18.467346563927 21.9575208903053 18.8533138422372 15.2360989953146 14.5466383824871 17.2515994195725 18.49428307496 18.9368821296206 19.1910322247483 18.8674198670635 18.6107376396777 19.7883250119752 20.3666772123231 20.26525186329 20.1990856835472 21.4318388700606 21.1349627939749 19.8693827049747 18.3712017131548 17.4813584295632 15.0214235225082 11.478028222138 13.2247024750624 20.1280737096913 22.0213421832596 23.3706155307505 24.8433816169281 23.216187880346 21.2447777199626 20.9186698706885 19.9596566648772 21.9897479622102 30.958946427209 29.2706316835941 19.8854397898483 21.4203072448306 30.2043383460079 32.6656740741617 25.8218284782072 26.05836758759 24.2929080545631 21.72654486961 25.6781348331345 34.7374173988625 37.2868652417834 34.229383377101 34.3940624205994 27.8564134863341 28.1931132404299
16.3917716819766 16.6276294743189 17.6132673068868 22.2571450425951 21.0846417922233 16.5582857271454 16.6370752670998 19.1033254376255 18.8089730315955 19.0965491817587 18.7711826644129 18.6549496587015 18.608824343317 19.5491381500175 20.0146468779562 19.2221934389129 19.23421395246 20.6232855136972 21.1129771084807 19.2409580252874 17.4922928134063 15.4897469724763 12.7738002691642 10.4982208684701 12.6340395566545 20.1969767250914 23.3711424208178 22.8838021651382 23.1397016095388 23.7059979106482 24.2205168836521 24.1863285283986 25.7961754914027 31.3364972905831 36.8049865228432 26.5893486892099 21.0303824313774 18.8251500115039 29.2552560500256 38.7863663039474 30.1624819517318 30.2853129885015 27.2101467829296 22.6125846344449 27.6314305880508 30.0791627100977 31.6928227004874 30.7993546673968 30.8767320317661 31.2919651401581 32.6958401434464
21.1596854981703 17.5419368803443 16.8558542531754 18.368085921101 19.1813959950362 17.4572460946559 18.212228437456 19.387756358029 18.956172474269 19.4847700780432 18.6639126375463 18.3802873801556 18.2680831557846 17.3674095047852 17.5911221104726 17.564043620352 18.6428628366723 20.8040950491069 21.2957554191534 18.7460015152048 17.1387837264396 14.0331295620275 11.2440722278694 10.5192095392467 11.8045081508174 18.1172786313164 23.2870799261669 25.6310037697848 27.9974089932755 30.7781063013455 30.824573013733 30.2254927089828 35.6680852386733 41.728108112594 36.963724141999 36.1782495188096 37.238465557248 24.8725197893806 29.0553942076953 31.6627349000171 23.289577465037 28.9319630571599 36.1561867450438 27.795778658424 25.893448316433 22.3984798459242 21.3941114503481 22.3457787310152 23.2828161968519 24.4411482574513 26.2738196247772
28.0314598318444 20.1811216602869 18.5789971206777 17.3870681205581 17.107344559232 16.5235537449504 16.6907376902058 17.4542765455732 17.7724130320678 17.3753570163373 16.7009099984743 16.6634500954021 16.2668671860341 15.7134365508065 16.6510202161404 17.7259152286838 18.612156075367 22.3483019041123 24.4755596420641 19.741869214353 16.8888576510035 12.563260414396 10.4280536953876 11.047865911457 11.3403709007019 16.7193079465823 23.428472178102 28.3775452265405 27.1048818474821 28.1450465409225 29.8980948629723 30.1454909850589 32.3160036021717 32.8496722310829 30.3168473822878 40.6580197956703 45.8363249714357 36.4509700375687 34.36561880187 29.8367224316289 26.6447035171645 24.8033025005059 30.5735038939331 31.4712840361902 25.3173926064881 20.1341259006977 18.9832462635802 19.5708471950932 20.5285802042297 20.0389291290794 19.7510124671783
26.9076604921275 27.0007593378014 24.6529495925094 19.5302743594842 17.2685598609226 17.0971416571713 17.0541594872207 17.2594353952938 18.604848075448 16.7000278347667 15.723430211468 15.8006685023941 16.2635860659468 16.9768695943571 18.300641979869 18.7026106053393 19.1193635944023 21.7715129321186 24.4172983525131 20.9311185947582 16.7905480596459 12.1977197625842 10.2637428771913 10.962936002577 12.1665403798747 19.1018328030071 25.9602996463613 29.3630208021071 28.9677601963315 26.5455097248908 24.7330647032047 22.6383374284858 22.329874592583 20.4934835554582 20.350405482752 30.2003254218048 33.6326702410326 34.4190426332544 27.855658874347 26.4797096617115 27.1713710970288 25.2780167195531 23.1083756995152 24.2388296807674 21.8196071888386 20.0626083533748 19.2657860680893 18.8168646577462 18.716576400045 18.6313619125144 18.3978565859413
29.0013446419664 32.2789782088913 28.079218431336 22.0632647919819 19.407837206653 18.1284803902579 17.3308647236396 16.5765403315671 16.4679195199652 15.5984954992848 15.3897125011041 15.36027362853 16.305238487388 17.0958759343216 16.7399625130599 15.7518716445974 16.5996531422548 19.9586328975707 21.3984745359128 18.5365905306115 13.688143891932 10.9169928042768 11.3485511329044 15.747127316196 18.3742448173392 24.0103393950339 31.1164398929976 36.7911596047008 36.8794382943197 31.2980625690544 25.5563224240138 22.3264074600207 21.7946448875833 22.4030830709055 23.0018534640363 24.0831471168077 21.6297476140409 27.9781798148781 28.3265771705384 21.0004961475182 21.6371657781408 22.7214136745525 21.493182190209 19.7605734783106 19.2079743335822 19.7283444083199 18.8197314145617 16.9708976886333 15.8572281843525 15.9778303010927 17.0009446447077
31.513570311183 33.1434083685341 25.1945513584859 21.1018745506238 20.4376554104955 18.870692252167 17.3250646288251 16.1783831749486 16.8190316565617 17.4954964821541 15.9942635987497 15.094676094795 15.7591858577026 16.0194108523014 14.0972698749842 13.7286814392641 15.3627775603336 17.5119048695802 17.3895922364396 13.5690669939126 11.2218933895076 10.9375039444976 14.0307065474168 18.2222088365462 21.7335343143786 31.5914908782935 41.2427398167539 43.7001692653513 39.5108357140073 33.735192519944 27.8219483760101 24.6386458084685 25.8598633614383 30.8352576808945 31.7491055831016 27.645155815088 26.9434750031613 37.3305768027184 34.6677350151258 22.4326316796918 19.4351989702139 19.3743166547668 20.0165929616101 19.3746906843658 18.6159308849168 18.6772213700263 17.0729963361037 16.1026292873532 15.3035421029998 14.416345917757 15.2318557976782
