Climate_data/ph1_4_Equal_10km.asc
NCOLS 560 
NROWS 490 
XLLCORNER -2904860 
YLLCORNER -5334205 
CELLSIZE 10000 
NODATA_value -9999 
[rows 198 to 219 of 490, columns 306 to 356 of 560]
5.43064851626591 5.42925499858049 5.53216160564449 5.65586749332748 5.70203397508424 5.71655702179416 5.61463238567947 5.58510810580851 5.55852939873554 5.58261188379158 5.59270259287218 5.58231245097082 5.53873740560538 5.60900328300397 5.74310714738434 5.74470812960758 5.73251108625085 5.89097556447482 6.01656121104197 5.9920460702414 5.9266236640518 5.89762595059197 5.95540993109015 6.08636171703619 6.21061164845337 6.28429035442293 6.35924116303173 6.35891902733791 6.4063925056867 6.48196933204147 6.40130619079388 6.36900969878068 6.52398539688841 6.45237076610034 6.39477434465885 6.34410509324644 6.23631281909358 5.78908630645038 5.50114328798187 5.546031520748 5.6873893625565 5.68078446307047 5.9663972624583 5.92961953921529 6.12288273911491 6.43853122076688 6.50990410728112 6.3656894863997 5.83890497346783 5.71941341522092 6.1040543561846
5.59639876635408 5.50592403718139 5.54767200494996 5.63635831047976 5.6732101246345 5.68982717736317 5.62136474404211 5.54695845658512 5.47940967523199 5.5269482978867 5.56382094788597 5.57750796104621 5.60310364357211 5.6904655845056 5.78239903811116 5.85507160393466 5.843491768932 5.87499846629014 5.91591294070502 5.91537711621029 5.88468198575433 5.85560261849955 5.86008435118492 5.93675261714789 6.04875458709836 6.09555492623822 6.27041511537143 6.34519364705928 6.35049111745192 6.43764134851977 6.43652565996866 6.35163321364146 6.43329753658834 6.40716466905462 6.38626270987107 6.40758791572606 6.18913053116181 5.86842311796712 5.69140999822291 5.68656803213695 5.80635507227724 5.87265157161007 6.13056420292152 6.19891148853054 6.24310791865534 6.41552125170722 6.64123296306235 6.46448171362458 5.92832814438959 5.87016305791006 6.31982753217453
5.70353544004958 5.65606350988582 5.62201137491795 5.64386554438111 5.58068648447077 5.55847951801018 5.53115883158116 5.55188160165258 5.5896695371202 5.56585312199348 5.51322341106037 5.56421154042792 5.63124337072758 5.72527944776014 5.73210098848633 5.79086682149091 5.83177081396238 5.85244420926208 5.88960548045421 5.8684040949401 5.85392840413841 5.76710564993527 5.78487143031136 5.84428327608734 5.92487941838614 6.02493797044503 6.16103822438017 6.21376484195354 6.27950099231842 6.3392547577721 6.46181502691675 6.49201060057725 6.51814789982055 6.50868636609802 6.46836542829313 6.37641987804549 6.13271606459523 6.03022822315674 5.85987376777181 5.69435071754748 5.74945202268703 5.94588747226246 6.28721259282586 6.36953820892079 6.35320425759886 6.44937443058969 6.67188294412128 6.36892500314307 6.00644363304237 6.04966062704523 6.40252151718212
5.77302431354502 5.74570629200056 5.67165513690273 5.65069342034268 5.58764576547328 5.5789540543251 5.55213387596216 5.62224455496779 5.68873134360168 5.63565368108524 5.44658553865805 5.51717061434926 5.61685913821677 5.65581091292129 5.70018826321847 5.73630060847889 5.78910038660831 5.80138916669425 5.84995276082387 5.8730711143142 5.84048190406168 5.72707630375154 5.65246210482349 5.57197119844376 5.63951129838054 5.834552927082 5.99814372445136 6.08998404159321 6.15848353651363 6.24188085450248 6.3972263857927 6.54523436035712 6.59178589301346 6.53638872020288 6.43728394503126 6.26517496019496 6.21745525185287 6.12062614482864 5.89494908811311 5.6569302175088 5.75283061843584 6.01582112276032 6.40221339707634 6.46370839219633 6.45611861226991 6.46096271365648 6.66678091670386 6.59683434147841 6.23343765822295 6.27461136578029 6.51444615579902
5.85729522293716 5.91093132255527 5.87522230162517 5.81549508424037 5.744168841575 5.68784692901718 5.65684708013899 5.64080296563268 5.62342202310475 5.57196993454048 5.41474990559846 5.45440081444364 5.57711274579209 5.6470142237842 5.67994749411949 5.68981138307445 5.74390946750203 5.7166345891186 5.70004877532114 5.75773928005819 5.82525920014145 5.78105507020672 5.69738558053094 5.50559275001717 5.45078761703378 5.55549756684848 5.8284658996456 6.02805656886993 6.07367836324106 6.14114793534323 6.32380825810862 6.47039757693506 6.54857774024384 6.53455585525275 6.40155555427389 6.22306361083539 6.26871498369977 6.10680966055168 5.83953400026514 5.76589923278318 5.9936904910105 6.1286346021953 6.45546579898046 6.55802389572211 6.52262233370548 6.45182179922466 6.69491608572935 6.86655665790439 6.65146555666453 6.60838960046303 6.69623836983372
5.87656239711045 5.90793887238191 5.86544445827246 5.89408559318289 5.86530327186773 5.79752839875751 5.69895970321019 5.61216666111659 5.53463156640313 5.49344381303341 5.41007584184489 5.4272398738904 5.57427403652044 5.6432463289266 5.65042842665708 5.66208295213491 5.67815922305546 5.69897215340906 5.67750046323541 5.6680332129392 5.70204294282478 5.76229793379885 5.79612725374669 5.63836734038227 5.48048827303626 5.52268052708262 5.64816727482164 5.81569399839102 5.97154804617755 6.11389543237974 6.24853766548318 6.24454600639739 6.45517899876197 6.5332171096881 6.41337585160186 6.24474391242441 6.17856752014882 6.03806694831918 5.96216982310647 5.99310108017543 6.29254107584633 6.44435004732841 6.52909516255853 6.59265956591778 6.54263912413558 6.43515303177114 6.64680791585752 6.88231941834043 6.8521893451229 6.78906833668558 6.78351679689174
5.93235477479436 5.95756967144486 5.84603417391083 5.80023681569254 5.83801589784202 5.80778471303377 5.69721963189621 5.62551546955351 5.55001874635381 5.48031082129111 5.40907294035031 5.42148434487043 5.5262639491645 5.58381711452462 5.6010545526582 5.62178026648039 5.61274769590882 5.63894582124674 5.64117721260321 5.65881353904415 5.68678843220368 5.7482240053751 5.7770958397127 5.73895041972038 5.60364930180293 5.5547931560688 5.58571381395856 5.67224958270882 5.88324454744587 6.08773102920757 6.04056798452088 5.99786688363023 6.35507613537709 6.58141803529388 6.5268862635219 6.35242421424692 6.18152384631832 5.9503543742767 5.99732171961691 6.25340508458357 6.45085530207333 6.60525115627019 6.62040904201901 6.60899580774027 6.48124198736904 6.46559179344019 6.67276908241574 6.8444671604081 6.86448818937573 6.78150862847722 6.69486162784048
5.96646433526101 5.95743645436583 5.90549154128283 5.80999432091671 5.87248588409178 5.84432483988251 5.75800097173424 5.6998918481151 5.61390457121737 5.53632220975439 5.46518441722403 5.47050433466197 5.54881146114604 5.56830010086682 5.5946340291752 5.6514760985137 5.61201090299146 5.60672254720377 5.63006704466018 5.68599811034598 5.73144689756417 5.73755712840112 5.74815154199513 5.73016457030851 5.66840697091313 5.46527555406106 5.44137137164526 5.51213130864939 5.68297170035926 5.89540117747329 5.83019101719035 5.87798967598415 6.32181392086665 6.59589439205662 6.50983493464415 6.55960532129041 6.4372539764496 6.08810582695706 6.1740591317122 6.51450371514242 6.59307827966143 6.63468533679405 6.58414679637775 6.51760220396693 6.45423615913645 6.59538050206636 6.70463726532746 6.81485091175955 6.8197482998073 6.76934362256073 6.67459044037015
5.90925073807031 5.91289907594566 5.93171369501144 5.81573049621338 5.76349461233464 5.77406291996094 5.75794449682844 5.71615851876539 5.64795179720485 5.57100370156583 5.53997207397422 5.53863939580794 5.56385751783046 5.55444850624546 5.55972969050902 5.5976060458564 5.57823200436158 5.55045864557402 5.58158965627436 5.6552141496907 5.72442479785912 5.70032350807949 5.72921699064873 5.77057115036105 5.77182604835394 5.60397308596026 5.46551591076796 5.39860895612712 5.53257050538395 5.6825438393352 5.78464759463463 5.93248869250918 6.30295142941289 6.5705763959906 6.46051672656385 6.55565449288473 6.5798854068101 6.4847957081281 6.55768609071625 6.65928256068253 6.61062344994534 6.46154569083703 6.43670218987931 6.51381735436282 6.63153659487318 6.68229027091157 6.77799285841609 6.8392344164858 6.82381465151589 6.80997530854627 6.70570369697839
5.95392209382103 5.88596695121167 5.85760493615396 5.81554168533975 5.74812077796757 5.67499457866018 5.68654864128579 5.64440407487941 5.5938961667633 5.54778576421598 5.53638516594055 5.56866551858224 5.54632426967947 5.50795034179316 5.48198898739339 5.47591086658964 5.47122064769604 5.46873970610116 5.49185603715838 5.59551510091881 5.72144101628921 5.69721997965557 5.74592088664263 5.80642184765818 5.8261776725253 5.80216587340849 5.67940173132601 5.44439464696001 5.41476613064255 5.56498419244136 5.81045392345134 5.85749763538437 6.15024571346424 6.53626534896286 6.49001586055677 6.48136848129233 6.49128076714794 6.52088115625576 6.55520802435539 6.60581200624727 6.58316691517367 6.39379413403437 6.40114993008843 6.6130357297621 6.74865249122004 6.76679484634838 6.80887412673078 6.83359241338265 6.79169119198718 6.73213207982683 6.72573467875743
6.01338761672893 5.89843857843586 5.79780304435062 5.76348269696552 5.77373029722809 5.68977769049275 5.64093497832925 5.61269777033199 5.55273662156725 5.50834642160906 5.47726388771354 5.5023671194719 5.49520808627767 5.43554601996237 5.4120354892612 5.42725730710301 5.44079709151738 5.46930410452039 5.4776829460324 5.5328255531024 5.6197971576519 5.62694187139545 5.66482454097611 5.73238745356369 5.81039203282491 5.84430393683986 5.69372826748694 5.43887488948688 5.37621969565777 5.45973448252958 5.67010723954654 5.78120663244651 5.9637327964358 6.36802931628027 6.38017491372681 6.42792924478488 6.46743493961023 6.47703973780161 6.52005946559007 6.47872608916672 6.42995906174325 6.39596384948055 6.44470746462623 6.60568879909816 6.75717778099751 6.79595855266181 6.78529306637595 6.71655876608289 6.70129492788484 6.67175036420656 6.72568969760909
5.97486016039598 5.88562041780552 5.78579125951429 5.69757203700644 5.72482547883989 5.73621993737878 5.67187505842468 5.5899936847418 5.53547458297737 5.49715988149272 5.47753831092233 5.46383263567636 5.4689061579045 5.43745284586628 5.42466412175111 5.44145888705354 5.46253621615803 5.47684951000863 5.49991834662932 5.50395855360387 5.50146696111292 5.52346106599584 5.59578695972422 5.63978756501935 5.73419719167122 5.75012821798686 5.54908038545616 5.42506768253356 5.38800278483149 5.40555074415516 5.48325847968721 5.64055284272913 5.854501055557 6.30011584360153 6.39144906137579 6.37804385091423 6.46814478169412 6.44026488413275 6.41841086543245 6.33791339150112 6.45694758902084 6.5179759826757 6.60404270792562 6.71107993461645 6.8105545750719 6.8472306726411 6.7411208074203 6.62377333867315 6.68367219113695 6.74500811963807 6.81398686489083
5.92601604730346 5.8230674130482 5.75597027545289 5.69624817613151 5.71968939422094 5.72959193155482 5.66180394003018 5.5619387293367 5.54575383580478 5.56543886274856 5.48294636010286 5.46645800681573 5.47584582727774 5.49226870880142 5.47524646649448 5.46609745000932 5.47825900035808 5.48283383913149 5.50468658652947 5.51231656454556 5.49211620659591 5.50761607661069 5.54103062364407 5.5332581937653 5.6018400981753 5.57718996565564 5.4728467174402 5.44690080052452 5.4269517928401 5.43382103393395 5.43464112576398 5.63932307304007 5.94663647975612 6.24346318615277 6.40975540199574 6.42757513744661 6.45591766333656 6.4078647643822 6.43421718553403 6.42262689035501 6.5582684936806 6.68096138290981 6.77522485727228 6.88716112194821 6.96899017634159 6.95209976830064 6.83554346253817 6.76935512792694 6.76227978776156 6.80148901989008 6.89013484077243
5.89577165007804 5.79848097139662 5.72749902198355 5.70437191295178 5.69392092157527 5.69831154394821 5.6128738154755 5.5734362847478 5.53235675160056 5.56198530870498 5.49917705093258 5.48273464432766 5.50239873649197 5.52194794359458 5.51838540530017 5.51076560819228 5.5000967087363 5.49153297361242 5.49952168199977 5.50953637048878 5.50274982781993 5.49969841698164 5.51390422113317 5.55569693700242 5.53059960338464 5.4945554664683 5.48047610774697 5.4523321648995 5.41728763829282 5.4830392384316 5.4661313945697 5.67566985968738 6.09365700629671 6.22923222848284 6.41443536308834 6.47151860747207 6.45218471392029 6.39678875928017 6.46814598499063 6.48422677312915 6.56216015465038 6.6959455892486 6.8239892449814 6.95158453751084 7.0714990538504 7.00752106276255 6.90112329195443 6.79709566796166 6.79935721881301 6.86377102966683 6.93519846649948
5.84306709221247 5.8059660991432 5.71758442532869 5.64399307614638 5.6290812953972 5.64713844139514 5.61607095033906 5.57016757661021 5.52519577236128 5.52261230741734 5.52309990720315 5.52944292655261 5.54189183579343 5.52661920957199 5.54378312645598 5.54571366017829 5.52442118145829 5.49402413228464 5.49984878292696 5.51757011995538 5.53165296756797 5.53447437029573 5.52896996615942 5.54214058825018 5.51654613902419 5.48653400842202 5.49999862171835 5.51383887087132 5.45836992616856 5.4668825002299 5.48708372322253 5.71972562374351 6.08815233366098 6.23265315414579 6.41672707877589 6.4767840781152 6.43412077263782 6.38117430923272 6.49723140751746 6.55899306751036 6.63202353956096 6.76931879025598 6.8394133751728 6.96216809766166 7.05496635761846 7.0185239526897 6.91411877555347 6.81432680462267 6.81144507727052 6.9034579591998 6.93328740757981
5.77360627874588 5.75191181602915 5.73071787930881 5.62023518883994 5.56311565807868 5.53886207414833 5.57912528819277 5.61709745751921 5.56447657681639 5.5257127854212 5.52662313660309 5.56180056711835 5.58375571551397 5.54866368130145 5.56277888561932 5.55495883579199 5.57232592667749 5.53006323490818 5.49410731011072 5.52396765312514 5.54645037039943 5.55854006581206 5.54789579305715 5.55803501341627 5.56788894884862 5.51946596605342 5.52903278979781 5.54158265498684 5.53840226083375 5.57757487795734 5.638919689043 5.93820874902525 6.17556720107775 6.31535629698537 6.35785258047424 6.3864999540279 6.39004013373509 6.48396811019002 6.48930927196214 6.4463483931427 6.54053593288477 6.72960315235729 6.85790335286089 6.9252900919907 6.99509939078986 6.97656518966649 6.90446149568683 6.85039732872405 6.82401179798592 6.88267004632053 6.92460438509931
5.68416640482631 5.64392734267005 5.75504665021203 5.68578720751241 5.57680591830922 5.52051492654955 5.538448013899 5.55787612096765 5.56386991534212 5.54245308129169 5.54297327113367 5.60806923639848 5.60036323197769 5.564877810809 5.56717314767747 5.57707732029638 5.59871829668625 5.57105181580813 5.52155377841615 5.54317362682905 5.56684576758716 5.5738025443682 5.56975777121021 5.59446742152358 5.62293979583783 5.58406606548929 5.57302451061767 5.5962352683784 5.619822284961 5.72985882413025 5.93046230821946 6.12679149080796 6.34860645520614 6.31492438158706 6.28235673224564 6.32367620892121 6.35648411950404 6.46801982097133 6.52942751043068 6.58773978255494 6.66627057528477 6.7695463902243 6.84312563467136 6.93819106630574 6.97609429543985 6.97401790378733 6.91203386407266 6.86742292121139 6.79688099813673 6.81485803315588 6.95444967102918
5.67891821491423 5.64391863645973 5.73118331443164 5.74927333155496 5.61294148500496 5.57230559964158 5.54783700095395 5.54157740606845 5.5503422309602 5.56003045149563 5.56242633204885 5.62726838645957 5.61579950338658 5.60530648907847 5.58728284596542 5.60707275448468 5.61984284535959 5.60875974757258 5.57395535800778 5.57501185223421 5.60444928770314 5.61754568583027 5.61847210168504 5.62685034444176 5.65661757964813 5.64586286469461 5.60208694455979 5.61372594065464 5.64162448345146 5.78731357890227 6.11702930312488 6.29238862749098 6.34667118231503 6.21799260565983 6.26156732205975 6.35703157453484 6.39126308426885 6.3475209452612 6.34862652360153 6.5124500487175 6.7087709468499 6.79303837785044 6.82256119049928 6.93426462614476 6.98428868152083 6.96594966490381 6.90278706827961 6.86913778433882 6.81325372184542 6.82439595305051 6.95078967697488
5.73352449161195 5.66907475254156 5.69052942315703 5.7467758037797 5.62434513205769 5.61573951610311 5.58981540972277 5.55311357264349 5.57884953445638 5.60541955845199 5.63791163931739 5.65241814755418 5.64406116196255 5.61306260578638 5.62806595233543 5.62802773852178 5.64885029145627 5.64913891106666 5.63412508967974 5.61572154712026 5.63992117787989 5.66390940657213 5.66358473203196 5.65118331882809 5.66606242284978 5.67595126827453 5.65295289415644 5.63845317286636 5.66487925001992 5.75241823701655 5.99839365924233 6.23692954474119 6.2268031181296 6.19423816390522 6.26146365629711 6.35135412860134 6.44015267205971 6.39493745323283 6.39020359583261 6.51803775177851 6.77214290777253 6.86755833060927 6.82985973924493 6.91857849965917 6.95453096898348 6.91708051035149 6.86488889814029 6.84073875113563 6.84409082688841 6.88762924292925 6.93253193527637
5.7768047519802 5.78534595475822 5.69145397355652 5.66537128860382 5.61274033371699 5.60564967414787 5.6075591632038 5.58873381732446 5.60745026768967 5.72573206452506 5.88914789984747 5.73574607945235 5.6418419905297 5.61118784291068 5.65886193669904 5.6757996798151 5.67882116768223 5.68638292636544 5.68935386875738 5.66551982551558 5.68269345800643 5.69656728121839 5.69507333444184 5.69219765467401 5.69115295891476 5.68592666872667 5.68370453593595 5.67568302988657 5.69287758141526 5.77588053278934 5.96533461700461 6.14694311262287 6.15725876196401 6.13944597355952 6.23916004304381 6.31286380915622 6.42192729271386 6.31893936067307 6.35808961946838 6.52781159913773 6.75408665046049 6.90938615163641 6.89087062157446 6.91889313066752 6.94358603597049 6.87427534715932 6.82913471689201 6.80799667425115 6.82583231226225 6.86038399451672 6.87145606049894
5.79138124493069 5.85992999455578 5.74982090702977 5.61325838500287 5.57024071200745 5.57522889296606 5.61371189971587 5.62871129899554 5.63897781345172 5.76245160642261 5.96941007307642 5.77604125650431 5.67234645388802 5.63657300114621 5.68714913477186 5.70522223033237 5.67815383499443 5.69362578169793 5.71446220728956 5.71433956796069 5.72035752712702 5.72137146465871 5.72124424755431 5.73070641900926 5.73194839373622 5.70452604403584 5.70603753389325 5.72095507219492 5.76235370604996 5.89434306819683 6.09396708569506 6.12088569006973 6.12267942493006 6.11536618423348 6.21132364822216 6.38945172046711 6.50549332733147 6.32138817574347 6.2971969480503 6.46862011975541 6.74511834689132 6.89541848242942 7.00511275958862 6.94872611140199 6.92555342364286 6.82607077806465 6.80622158816733 6.79225072983636 6.80961119943705 6.81442260993358 6.82719790724302
5.76413507400994 5.82638186299443 5.7312622487211 5.59383847839799 5.55403608740207 5.57602771029705 5.6305780609997 5.67058223846573 5.67544913370113 5.75863419658808 5.9463222047526 5.77221179104137 5.69606767754883 5.68871015544613 5.70257937609516 5.72814592281946 5.70534974778481 5.72385867640731 5.74501649629214 5.74936425874022 5.77687748924062 5.77706021025875 5.76560171096743 5.76301318236329 5.76568775842292 5.75588294759596 5.77143898338121 5.7692106831258 5.81083555283003 5.97620022496696 6.20296597378804 6.22314673761136 6.17996110948134 6.18117165798764 6.34137602441611 6.54426783123558 6.54205643322792 6.364763696395 6.45251283263708 6.7320984891289 6.84357604313806 6.85055234403506 6.91682634580162 6.96285937338811 6.90704024988813 6.81517662309485 6.78978906425542 6.77888161522106 6.79801943383452 6.81616008842547 6.86172367488115
