Climate_data/ph1_4_Equal_10km.asc
NCOLS 560 
NROWS 490 
XLLCORNER -2904860 
YLLCORNER -5334205 
CELLSIZE 10000 
NODATA_value -9999 
[rows 308 to 329 of 490, columns 408 to 458 of 560]
5.61425931974826 5.67469775150975 5.71915114891732 5.83235150450409 5.84345019157084 5.89132467507244 6.08147149024639 6.16850453990268 6.33820633952194 6.39792856124021 6.36094403967393 6.30745019828535 6.27394090138834 6.36138794231038 6.42123129505887 6.44990195001558 6.39726586710622 6.3034555575653 6.15463023314443 5.93416516151691 5.72910854020365 5.61770662856668 5.70056124136932 5.97343125058423 6.05386946207286 5.67175531682035 5.60952309545443 5.58216174032899 5.50034489788197 5.482779606811 5.63762904444681 5.94762922748618 6.23244456728081 6.33104731674378 6.48910414099015 6.60348874944361 6.582220560521 6.70926604386175 6.38235486214797 6.07492374688053 5.92384135276845 6.01807643303018 5.82904603937181 5.71305247240413 5.40061448432351 4.99402020394638 4.84095943829385 4.82200502079555 4.71593475157766 4.6887250037844 4.70006837460569
5.48539904836346 5.62588802378703 5.75789086030208 5.83801869054634 5.93340078186285 5.94328106688772 6.17497798866085 6.18805667795248 6.16617944674741 6.35227736036917 6.37843812623505 6.33557737620651 6.26699583255251 6.31827224049726 6.35080801278448 6.38598292887813 6.22986736868251 6.00063201836671 5.82791601088232 5.76989868950348 5.5460674600189 5.46972574418794 5.55379119952508 6.01129642748694 6.06568482572481 5.79407000848635 5.88464633898275 5.81560949920608 5.6852485180156 5.66403174706872 5.91473377407839 6.28174991686943 6.51739075099099 6.46311852139416 6.66282378691487 6.6607914488042 6.61873540406422 6.68724483416689 6.34100761896704 6.10182818813457 5.82081937120292 5.79067430473433 5.62117459644754 5.44974100552952 5.11441019229966 4.92293908987561 4.74055488201954 4.70308428637459 4.66008188036735 4.67237770733075 4.66736253910269
5.37207153133878 5.58834212173052 5.7170683456531 5.76635980429358 5.91242263436518 5.86156348568487 5.91255163615207 6.18854392903379 6.08240208897927 6.20020019611758 6.23828497735064 6.13832777946159 6.16460751229204 6.27240382176361 6.26219751567675 6.41897633903195 6.27749810669991 5.77414460825909 5.54963278052404 5.5600847423217 5.43552470217258 5.3612582641614 5.34276648888638 5.70563026275895 5.81862366657045 5.92339164592985 5.82076793800796 5.67344665843627 5.63467797674987 5.86026521873322 5.91744090372906 5.99739105018232 6.08492683954518 6.12402741269184 6.52958404474391 6.75809622776009 6.58705951116734 6.55923426744896 6.33131909731673 6.093102174683 5.79547442835461 5.53065795718178 5.36641949967211 5.09704564118736 4.8918528276083 4.84224086274472 4.71668270239551 4.73457633781087 4.73159970468379 4.79943620241272 4.80155660783946
5.41808032590578 5.61696064473798 5.7038089381207 5.70144599561766 5.80057560250253 5.8167799381845 5.86683797247195 6.19328833249044 6.22547737359309 6.05290854318723 5.98838113803475 5.99226987768177 6.01976724963651 6.08142969401499 6.04018190768602 6.03644140278468 5.91955207221702 5.58031588868432 5.43211122899193 5.51795318632095 5.42810415415388 5.31478911117485 5.35868796540923 5.52590919649716 5.77898305113238 5.75654542662914 5.60195719050631 5.55722638302306 5.5222571390235 5.75583845759676 5.72713934040915 5.55405666764203 5.362156480025 5.55497425110081 6.11258360900345 6.48622652155027 6.64093747200316 6.61022245652471 6.27361235055843 5.94418953157598 5.51625542367523 5.29045386726069 5.1896683028607 4.92796731324915 5.06326557925328 5.11757920677625 4.90833407245183 4.85338173557528 4.80662615155344 4.84280638357983 4.88403969058211
5.49445476449756 5.61717881294717 5.59492287039668 5.58346686202597 5.72928155727113 5.78798183735691 5.91956495150529 6.20315624743467 6.34680804578288 6.1736797868099 5.9605374152513 5.97803127701769 5.96327440053294 5.89444115732733 5.84879594655927 5.77506585207928 5.66382214870174 5.49404200786764 5.45140172429769 5.5561417694363 5.5160576287715 5.35015197859997 5.35900681758739 5.34860252195812 5.5822208359951 5.57259661104946 5.53690767557126 5.55795972326132 5.6018311310469 5.79906097820476 5.8334824751855 5.60482512624284 5.28827156712595 5.17817550344341 5.68482307671063 6.00071074839309 6.27394721707753 6.31350852390329 6.00516855380928 5.62864249945773 5.34393517370202 5.33509179145162 5.32533319210417 5.02294826047251 5.02698917580381 5.17336377615285 5.16298263651843 5.12041921483695 5.02691808448709 4.86405302810588 4.93789057630666
5.37238498218513 5.39494958323025 5.42835259798088 5.58275142508068 5.75398927413899 5.77319989650559 5.81589884912783 6.0353450032941 6.25362977272501 6.31143292224832 6.08531223971965 5.98769288350632 5.96911578183855 5.89461654015482 5.84528800757813 5.62895229147615 5.58530182226871 5.60985137032979 5.51507550382711 5.54073728003942 5.42447679171281 5.30357628076147 5.30911309019729 5.34943189976879 5.57914401497484 5.60775255886566 5.78893618910218 5.82828348473868 5.7457713766405 5.79529851667017 5.91038715799942 5.88575355132491 5.6971033406306 5.52454435560183 5.53070071185052 5.63887133037127 5.75837357494918 5.71623525729107 5.48726570709291 5.33835318692766 5.47436708616208 5.54445168157179 5.40968217736702 5.08807920301225 5.02296997918429 4.97591029430414 4.98189383825735 4.99451962774735 5.01989297723644 4.92224575667074 4.91213832598841
5.31555985808616 5.33977533004831 5.43240275812319 5.67220847477443 5.73021066095811 5.78198461183633 5.80437729868924 5.77927885379522 6.04296279037879 6.30883716635932 6.28348675905095 6.07724175198708 5.95755434471851 5.84533628593996 5.7164326692511 5.47309880424133 5.50384434585197 5.60619802687587 5.46580811285055 5.41143083821555 5.33850326086217 5.27382269889429 5.3938969536964 5.52758943213224 5.6028260929177 5.77792696963034 5.87946496543619 5.8201088144371 5.60685380916739 5.6931838933228 5.80773883138425 5.88928669537545 5.93892845376387 5.89527082995233 5.82115431892079 5.9120259336176 5.79161448926011 5.69613880573858 5.50535468382859 5.43806276520367 5.58674803753995 5.62391386204309 5.44052725306449 5.1736066132839 5.01984407383544 4.63714108465319 4.67324709460633 4.86644535886215 4.89417952772211 4.94747146078363 4.91006738127926
5.23966022789089 5.4105293617313 5.47499671971719 5.67795853937247 5.64632989072244 5.76522620705622 5.81309652977378 5.68875708574473 5.8699109989504 6.05390241736971 6.16753729422923 6.11411963866369 5.94835454819985 5.80585123624696 5.58141173000629 5.39107305465762 5.33285799212338 5.32885696163259 5.3833581160936 5.38554604983237 5.39739889255381 5.43396106319161 5.55869122779852 5.61480373631705 5.57490709295916 5.62421811221564 5.68075948099943 5.71080346705302 5.62883898159061 5.49831990885476 5.46895675043412 5.68315830674237 5.92549933157275 6.00102176167347 6.01320880833145 6.12743764348893 5.99064673831622 5.90876492593328 5.65097484758441 5.70472339406272 5.64129251074853 5.62330316694084 5.46664170010376 5.19431111076406 4.79312988396281 4.38092626853996 4.48154141967608 4.71363781498921 4.75725305480124 4.87158498685757 4.83128655184999
5.33606231428622 5.36639173417711 5.40271662936984 5.50824356979606 5.5223436512338 5.67725022128305 5.68952113111782 5.56715154042788 5.68412027549931 5.98093649965341 6.00318066056521 5.99644055165693 6.0338850631314 5.84951579159893 5.44836009677173 5.33099967631728 5.28096597834594 5.25245556389199 5.31776249368678 5.4078392421246 5.4825135010133 5.5872685505375 5.69330792450652 5.65799648786209 5.54409918441675 5.46714190110737 5.48886251403024 5.49432228040775 5.47293159831111 5.40592397607999 5.34721811140121 5.45589177885478 5.63372476454057 5.85081583320476 5.98919124070738 6.06312671043748 5.98038510429823 5.83799352647481 5.57911341557126 5.77085727773286 5.85990740037752 5.70439881262526 5.30634111309679 4.95412808963883 4.61184449935507 4.30878236884915 4.51920166317243 4.76860670357744 4.79936478087026 4.8730234964408 4.87897630512969
5.47648229170295 5.38507094635338 5.4019564485865 5.35259346023282 5.41455219494272 5.51787177856222 5.50168627072487 5.4493806548525 5.4538962166803 5.86284219706215 5.92950238410028 5.85262912369348 5.88510185253738 5.76266060310888 5.40314621579787 5.24791972773758 5.27867102928398 5.31432744633964 5.36597597471455 5.44459093580828 5.52276182428218 5.70801442631703 5.74421026100143 5.56034404469688 5.48673362947183 5.50169285555633 5.56913467685171 5.57695729357838 5.44630736116342 5.45486298833313 5.35879851271916 5.32811179928988 5.38952425452351 5.58813417671845 5.68072787261147 5.71539010267025 5.66604323446658 5.68301411218903 5.62602824143623 5.76892118961485 5.8541647756145 5.59471400605513 5.19985282981901 4.78958177675311 4.59469216174482 4.39064655579192 4.44122994407034 4.5850362685801 4.7402457325066 4.82917866096867 4.81178677921381
5.5462989195958 5.45924891021626 5.41250500140517 5.21720410404752 5.26278112496211 5.29976329164918 5.26226128876005 5.32580108537863 5.48260033312061 5.73114088184392 5.72667604581318 5.67528428381101 5.72402537700399 5.63238074811612 5.34449409488824 5.22791332661408 5.29153388533479 5.39238769004537 5.46223649782004 5.49862950443861 5.52579234635279 5.69263878730316 5.60046009578694 5.42181164481284 5.55428798504412 5.59707246420459 5.64327280851701 5.60449722236896 5.39513924686594 5.33760076491233 5.43446263036354 5.53501760075924 5.52594176831574 5.50616458934303 5.53345701667275 5.59272781267974 5.72261142599669 5.84003514873058 5.85840600510947 5.9069396327925 5.72577810414709 5.3327589336671 5.02730213403247 4.73696879413418 4.63865352118776 4.55890994190371 4.52698127069847 4.46583061319294 4.56875970976945 4.68252352614553 4.68177109534028
5.60346664565268 5.58607635066192 5.42361108989122 5.26231974281411 5.25245447019254 5.21747377906012 5.27205977835695 5.4478252445771 5.51664433070367 5.51138623092039 5.48395793716569 5.56571858691167 5.66522450030845 5.61353778996928 5.39610832315862 5.24238517548225 5.29371778533388 5.41166010946074 5.50106644905494 5.51203425741611 5.48941049482141 5.5857270304052 5.54248960445936 5.42621983700287 5.55439900626064 5.4044890340998 5.48962855502045 5.54130573993616 5.38864046302431 5.21142690611106 5.28623655432157 5.54078860532308 5.64492400151493 5.58398206074587 5.64362553461106 5.75933509193171 5.94499760147832 6.08806479108636 6.03115796491323 5.97599862232694 5.83452579972189 5.4407241228201 5.12650226566736 4.88070399417307 4.74456055581974 4.70241367340629 4.65560099480491 4.5498022372766 4.5837666656854 4.62670251958139 4.57422421818385
5.62200072387405 5.60795814210996 5.49370203515031 5.37990400626169 5.33388593433137 5.32377838268741 5.32925933741077 5.43021508925791 5.4567768250346 5.37965814783487 5.40451336617891 5.54323978251007 5.70995784072532 5.61076150219683 5.37130287449581 5.260022522125 5.29920001115764 5.3969566645495 5.46039906390199 5.50544397570122 5.46517495850848 5.58095783708708 5.6099167158956 5.52962747811214 5.50116100636492 5.30402577691446 5.29014102885382 5.41914346032466 5.26728316177419 5.02809658782622 5.03315789332179 5.30507820308405 5.44734594314123 5.45479075233215 5.65684079372333 5.64177684269211 5.66775013839649 6.01353706747649 6.06650745245865 6.06902852977104 6.06411826784382 5.76162881748499 5.28172327643292 4.95981026783562 4.81057214911567 4.79089977189091 4.73883249253913 4.68425657912192 4.62257574555072 4.62333022248711 4.49223777723563
5.65204529475814 5.64785193787589 5.52453707114941 5.46944792136383 5.3818735392893 5.31254778232385 5.28963775953791 5.45049182253409 5.57061714519173 5.459661958753 5.36716850667343 5.45619488916597 5.69659720058309 5.6056687963292 5.30154061758607 5.24193591287444 5.30275781393362 5.40368273404899 5.464296620541 5.49567603753077 5.47961690200782 5.57917222892774 5.57882209500284 5.44673250852616 5.2456824528664 5.22028733794775 5.07232957091846 5.17299082758685 5.14357615890474 5.00497681994112 4.94028510927166 5.14071051935666 5.17939082871951 5.17659450090235 5.5305580559525 5.40362556095038 5.29890581251354 5.5388347820343 5.58662218517681 5.74453407497487 6.06568176413965 5.85523384071022 5.36829917054076 5.09261885465066 4.8661506707535 4.8711528281072 4.76122351622822 4.71117018813937 4.60345888419639 4.56110383300054 4.43092831390808
5.88583582759668 5.85655656973239 5.6489180109215 5.5269256652216 5.39515515137713 5.43547286646399 5.3533728238079 5.55491207374049 5.69105564655907 5.54599854939931 5.37297016686771 5.38722022866854 5.6510059262181 5.55484456750951 5.32097524158232 5.19318344759122 5.26922867045192 5.39291315736033 5.47519773632419 5.52447802521179 5.60269179706624 5.6053926932869 5.36948409469793 5.31760063792155 5.01399027480648 4.94241139427824 4.92073909668277 4.90040850723461 4.96724209488129 4.96301969836086 4.96328879244843 4.98141634500744 4.90380489707854 4.94544593898745 5.26449536150374 5.10643068447368 5.02218741761087 5.10913973841342 5.06069641840675 5.20619449117348 5.8518512060501 5.79673803755497 5.48510994719373 5.17028146065745 4.8605026432199 4.81934494723673 4.73365954548495 4.66560553939476 4.56569424073772 4.4790580845112 4.36323926186287
5.76714860087459 5.90690774769041 5.89729041556446 5.70298927137416 5.62033154209944 5.67499322584192 5.54961223187231 5.6597343623872 5.60353289296167 5.45521411146253 5.39206630562621 5.38129692608712 5.53027234111298 5.43829067506119 5.35991519865179 5.16574325635351 5.16337518640969 5.31331887608729 5.49595767937989 5.58630664834031 5.711968194152 5.53518274515969 5.18959991043734 5.18234649377976 4.96836875379822 4.82114703346193 4.8018296690689 4.78527422347589 4.84243790586622 4.95307887992029 5.01222193110975 4.99186629716945 4.82079284269625 4.82277825889805 4.88531909694766 4.83092204543822 4.84316621123725 4.86913478220616 4.87056946025668 4.99078741568116 5.52270853551359 5.5424531206149 5.33728036763651 5.19360172493196 4.99845792504224 4.79303329768404 4.66287169747091 4.58726277957699 4.51490583863841 4.43297454269333 4.30832774961097
5.60554319493194 5.70700069598429 5.8386057117127 5.86748085097445 5.888502377622 5.93469479963306 5.76443544504812 5.83341154073615 5.76874471833109 5.67401668844515 5.52423038419941 5.5082388475747 5.53908612349577 5.4255364289586 5.36987533252986 5.15720005842088 5.0168100528613 5.23122019779918 5.40291376910778 5.56064889116533 5.69467194045038 5.36367550989961 5.06010934329363 5.14708686091207 5.03050113229965 4.86618477974067 4.80870189296872 4.77902145876335 4.82817367829119 4.84451841152682 4.87481186739346 4.92458762423642 4.8316803694169 4.70783767925571 4.71564148109513 4.76037444616906 4.74890109333548 4.81378743046157 4.80859234014739 4.8012001005661 5.02819508352297 5.02686342588226 4.98714593943933 5.01070544181755 4.95666674010325 4.80189309704331 4.63707637059569 4.54191036022892 4.4240001621748 4.42752195304928 4.35549571422238
5.58048796160784 5.53432722408355 5.57534995346631 5.72972642080101 5.75910284281755 5.99421209215717 5.96361802127935 5.94739401915112 6.02045600379571 5.96674851412512 5.7394823162652 5.71854304874077 5.64882895643963 5.46162859459004 5.34930189836774 5.16009230521136 5.05241395958545 5.18027866717692 5.37628777873693 5.51638546703678 5.51037599072833 5.14441583357897 4.79873768532561 5.03640318312032 5.0291738490899 4.94148955069981 4.92628617151997 4.90561682887455 4.83752086313934 4.71609659987576 4.80635545763786 4.96149373398977 4.89462545785317 4.79390649469552 4.71704675312713 4.72967497556988 4.72562342562079 4.76228046818357 4.73395294673834 4.70853885792468 4.78276321510821 4.7567793913156 4.81525384865399 4.85245958849529 4.76385868099822 4.60860002539453 4.50480390779431 4.44503335796986 4.395898379811 4.46176545662224 4.4115506482485
5.44659560765272 5.42045273213611 5.54932486597682 5.7048527348744 5.64381346271187 5.84643227852621 5.9628356278696 6.01141364772828 5.98957686416189 5.95111287388146 5.92136615532392 5.76926830392608 5.62372211339638 5.46655169314177 5.28100534999416 5.14271139471841 5.12666824083219 5.24918132499586 5.44835482877587 5.43340415780404 5.27871280636331 5.05670406829898 4.76762442788 4.93231450360765 4.96427822041546 4.98401630009688 4.93616284839011 4.93011217032524 4.88345815055702 4.72082160871498 4.81943287096244 4.97862873300145 4.97200450088735 4.7720568500683 4.62078480180041 4.68312559348468 4.70518832280319 4.70105254623374 4.66983102383249 4.66015828657316 4.68240543879361 4.68464332763722 4.70312303059864 4.66382783675977 4.56725072133456 4.45986877226665 4.42412783380927 4.44346397376099 4.4086299485532 4.46800425942908 4.32427879529284
5.34258209788419 5.42530223130326 5.59792435048472 5.72293147899655 5.64156932276471 5.6461006143918 5.91445364487197 6.00612172287259 5.96196807574109 5.8960281870444 5.93073359294907 5.77334492612212 5.69495325745545 5.44448234909946 5.23822559707548 5.17942793589635 5.21602869606481 5.28431297360807 5.5126213769835 5.34169788926964 5.01826440091898 4.93825017598274 4.8350007809824 4.86489122978773 4.86991472578274 4.9736210005171 4.96749589934428 4.86164680630786 4.81956180998055 4.80258087394288 4.7774866876625 4.91131214824869 4.94916009433423 4.77058616451809 4.63334468067662 4.64895411699204 4.61253504081084 4.59435837454815 4.62873948396735 4.59230785847545 4.58352077134685 4.59608756742096 4.51610463998343 4.46285246894887 4.40079793989592 4.36820359848686 4.35319386083274 4.44331604328731 -9999 -9999 -9999
5.28915809251509 5.35555702798004 5.50982392708225 5.70713058268913 5.59484016158756 5.67791257555296 6.09377152764781 6.22675090758863 6.04850239136278 6.04080237259299 6.0625111872914 5.90238479350367 5.76754330443427 5.52431614027772 5.34006452544237 5.21739309740963 5.17902779781886 5.3066990053841 5.47443819290377 5.11092235381914 4.66896155308803 4.74743003041727 4.82394009582318 4.83219746729059 4.86835992650602 4.90642270736172 4.96069164984703 4.84294866210053 4.65306088737583 4.69800626191046 4.71875809011377 4.76263953276267 4.72388603192711 4.64504185692373 4.66389526498888 4.60084281985123 4.50185588175176 4.51912706379043 4.57831406549511 4.52434544208967 4.49538599870572 4.47069430456424 4.38060282233621 4.29480506636035 4.24853564358834 4.31646710053733 4.32402341636435 -9999 -9999 -9999 -9999
5.48916379153895 5.55650416099524 5.60084417395557 5.72485354851228 5.53427408691074 5.66260381545966 6.21128116529387 6.36923270871073 6.00160819941043 5.92828073784038 6.06399642285692 6.00004319931254 5.6818785440742 5.5248382212792 5.4332794716151 5.18813396784635 5.09483424519503 5.29546822019527 5.42311773846965 5.0861529501402 4.80439851471302 4.77564737666787 4.81575346767021 4.80065531499043 4.84109256994196 4.97032957402925 5.00628764269925 4.86291530035687 4.58015549587323 4.59266073925598 4.66881256514947 4.55441924514039 4.43186101863985 4.37959244606081 4.45891187273286 4.51846564600768 4.44469501412365 4.49284391286876 4.55941543939023 4.53378549314235 4.45587598422317 4.37369858031789 4.33530699076235 4.19577628521873 4.17683754899176 4.23678188128055 4.2899178251206 -9999 -9999 -9999 -9999
