Climate_data/ph1_4_Equal_10km.asc
NCOLS 560 
NROWS 490 
XLLCORNER -2904860 
YLLCORNER -5334205 
CELLSIZE 10000 
NODATA_value -9999 
[rows 220 to 241 of 490, columns 306 to 356 of 560]
5.69628137304069 5.73442359494778 5.66131677758342 5.59948292755952 5.59723713078045 5.60017437573229 5.63177217620796 5.68551018926769 5.71235026185064 5.78073841570434 5.90753103160101 5.75480448841327 5.69088493368002 5.69833958453267 5.70534597257274 5.74297632376011 5.7655286083003 5.75266737694216 5.77453487146476 5.76645897005565 5.78987399477337 5.81757928615743 5.81574839340571 5.80156374798082 5.80316499260101 5.80892196793818 5.81863013805237 5.82322150085356 5.85056685222853 5.99204395724755 6.18656059831166 6.25283856733677 6.36475193479655 6.40419761848771 6.53538274520709 6.58081803296444 6.42283939032789 6.3461483865499 6.66666724082267 6.91076270505066 6.95408272649492 6.8973363438688 6.89303608842816 6.92739017361342 6.86407278162496 6.82722029511332 6.81780225891953 6.82537557115917 6.8370848985532 6.87004023097454 6.90418653959031
5.65754060385229 5.69956107147248 5.67850464486992 5.62142097022929 5.63901653088309 5.61963221465734 5.63486935437162 5.67592044534227 5.73461945852299 5.75444677549988 5.76433167940292 5.70565716325772 5.68676500403771 5.71394269806743 5.72404274663224 5.72613457080888 5.75111840695222 5.74349594431678 5.7458247620155 5.75362751815565 5.79313824615828 5.83050170244086 5.84598859643322 5.86004321899513 5.86190717144068 5.8883379181634 5.87636585727932 5.84859841759063 5.89944841802388 6.05120087102098 6.31076723719032 6.45111689026664 6.60648570130281 6.60872798746299 6.59815793355344 6.60990626688775 6.48477536765346 6.54145437803448 6.83380912234808 6.98161104136418 7.00649721040442 6.93585492060941 6.86805952242899 6.82095973197818 6.77508893592104 6.76619626227971 6.80300811921148 6.83779380361625 6.87677150575791 6.90986788823558 6.89553148514781
5.68195631886789 5.74453682101494 5.67346051927571 5.61841620199465 5.66142915568597 5.65227496735667 5.6396011773529 5.67621680705879 5.73522114310997 5.76787871798558 5.72607396538926 5.67878680063753 5.66038194895542 5.71616631069777 5.73086980076872 5.68745867542316 5.71255636323862 5.73108081595499 5.74330712750797 5.76317086003425 5.79421566964092 5.81560054331439 5.85737078302689 5.87102841301608 5.87383603904127 5.91006239165139 5.90777240729067 5.88655366683243 5.94684229114036 6.15256571760658 6.43047478850318 6.58652719022754 6.67771614100954 6.69575024634291 6.63261458876322 6.62289285249112 6.62051858559007 6.66120797399214 6.79058477408584 6.97293739677578 6.98529578430111 6.81410700936415 6.68587713082738 6.694178067911 6.68818864549928 6.69250622283006 6.77367512752817 6.8182636681673 6.80402492440091 6.8339067830072 6.85623397727777
5.70387755966067 5.74142620720604 5.66295262993373 5.62301593163416 5.63909782881015 5.65532627252471 5.64884905514606 5.66751730929648 5.73752442618889 5.76572498195312 5.73397916699923 5.69246758471923 5.66430323190231 5.68787129937976 5.71170395791823 5.68277864854142 5.69542759648575 5.69907671048582 5.74016829512318 5.76715917274909 5.79609738488205 5.81224998193829 5.83899685838548 5.87210766646676 5.8772923958911 5.90215551654208 5.92571510981184 5.94382220034962 6.07880481314791 6.27119793624721 6.47920886492491 6.63260874934261 6.68439516692122 6.74519882006651 6.7243743502587 6.70150069620776 6.69876235207226 6.7118520533397 6.72272504111385 6.85533655729857 6.78992154916585 6.61522997475932 6.63114361363846 6.70157397275129 6.69308365452669 6.70022478492747 6.72516286281575 6.73707661909472 6.64247976676855 6.65500822183892 6.78807732209351
5.68796496593654 5.70772687410161 5.68209611858634 5.63070279862653 5.62381945286539 5.63624562177686 5.63543638410825 5.662289197728 5.75589627287379 5.80122907735835 5.765104431511 5.74445550749502 5.71265183735678 5.6851560348243 5.71573825485488 5.71514077174412 5.71104504222658 5.70463450976151 5.73151285079109 5.75829593503984 5.81210090013086 5.82335026787099 5.8458132944835 5.89427680554532 5.91249238089753 5.92408309511901 5.94153544192948 6.0179482010292 6.20678234687991 6.34282601020981 6.53542078349485 6.67304002519228 6.74434313790251 6.84206063349175 6.84991764588717 6.81957749959735 6.81291832930552 6.78742681588905 6.73971682720839 6.82139982657719 6.60435108875682 6.43677534529741 6.50429217754487 6.62607387552829 6.68184397251874 6.69138583461326 6.70816871884577 6.69846421791094 6.62174550892083 6.59897110476654 6.80905900865209
5.65174837296709 5.6796166669655 5.68727418982219 5.67613768883948 5.6473982982389 5.65197412439979 5.66377266679372 5.71752378996717 5.78939757655742 5.81070387474641 5.80269872799522 5.79526824958894 5.78072553728026 5.75923569003072 5.77205867301789 5.77121772733519 5.7537697651867 5.72435945970612 5.75038010287095 5.77406148764814 5.81015214619626 5.81237324568381 5.86424685996425 5.89161171145155 5.89626723577483 5.91182873185044 5.95317275139146 6.11797026596904 6.25714155278455 6.37677688717051 6.52442862288728 6.67859811407518 6.86474707421143 6.9666824195506 6.92448333551049 6.8514797958799 6.85241713123071 6.85357495490806 6.81039778044937 6.88665296290395 6.6893741082691 6.73590739645017 6.78456236311754 6.55866541383342 6.54191158010677 6.58791733206564 6.62858805457252 6.67051178362146 6.64673469101773 6.67556519105039 6.85349286678196
5.68419380849322 5.64963368451686 5.65311053679496 5.73753419627463 5.74098085996197 5.70734056522516 5.72074738906323 5.75893301567847 5.82828094369164 5.82524853953923 5.81278303087037 5.81616074254033 5.82035441396773 5.84415007811362 5.8436379869485 5.83696267256749 5.81793453074062 5.77499336321146 5.78342224338597 5.79971950899581 5.800080171434 5.80815827636671 5.88162957980757 5.89769124138263 5.86896402333273 5.86863720989945 6.00864426192089 6.16331165995812 6.27953482911005 6.44565855889816 6.57127438360502 6.62935656729915 6.74319465326591 6.78663600232841 6.74711632674074 6.74690391359642 6.79122003911113 6.72498013523582 6.79569412238652 6.82121188482149 6.83374592158852 6.98323850801556 6.82979201547364 6.42986528473216 6.3210393327915 6.33072852296306 6.36305777024268 6.45495308338933 6.53962017860727 6.70960105501725 6.80153635827149
5.84646503098496 5.7038176623011 5.66189270869604 5.74801079560614 5.81192703145526 5.76026048099469 5.74127043000029 5.74576733654918 5.79995676216289 5.82409315880278 5.83241623583968 5.84586838292106 5.87236825647032 5.92362245738247 5.94392547184068 5.93315855764507 5.90445827636032 5.87339306929646 5.84800003664165 5.83524646779572 5.78821800847892 5.79432657184825 5.8767659326904 5.88456397483926 5.87074497451747 5.89065304964569 6.07617173075421 6.15259887644531 6.28369541288186 6.50848157221475 6.64203948631118 6.66808379285296 6.66018398650915 6.58703657939954 6.56507836638933 6.68437521385895 6.67974366277619 6.64555318909806 6.69058468619799 6.72626333858791 6.7781654078337 6.80563082878124 6.7111530942936 6.59329965332821 6.45839465356369 6.25705861665745 6.2175840426215 6.34661973413241 6.58551774402697 6.84894578370281 6.76434129899317
5.91568358003467 5.71907756482706 5.67892240760702 5.73388154387787 5.79951521126429 5.7836448363889 5.75625322006521 5.74649192425567 5.76383768509548 5.81451836680424 5.8321884357374 5.87709540476968 5.92455708793766 5.95335129227704 5.96523686541894 5.96749589492231 5.93712955382057 5.9234397176797 5.90296830650548 5.89006146687655 5.84133542138439 5.79224903639007 5.84515907313931 5.86122910379038 5.85131016422188 5.92153282820353 6.11983124702432 6.169405096233 6.29095279702973 6.44980037952204 6.51848821657082 6.52818024682811 6.53576979617708 6.46211916265671 6.46385002923398 6.58440228346135 6.61770698847739 6.66986286566249 6.66728446438811 6.71298974340189 6.73667646989391 6.68497764673794 6.71482750071289 6.84421420474556 6.815049211304 6.52896452120705 6.44761012144109 6.57692759163579 6.84829360197728 6.9179703263658 6.77049327760519
5.81323157200292 5.72128453134859 5.70538902442686 5.71870285432559 5.75970513957849 5.79233964883242 5.7807432598358 5.74526098821957 5.73307067705938 5.77675969322231 5.85034878674233 5.89476381296402 5.92931580827881 5.95982917291864 5.97847222437073 5.99264519782067 5.96600140332648 5.94463213177607 5.91867338493087 5.91177908126944 5.88356988653107 5.81518362777628 5.83829933488876 5.87373363291078 5.8449178771295 5.92882955401249 6.13142904738763 6.21533937097368 6.27552125840972 6.35510539208587 6.44072114755282 6.374469592705 6.41407830280363 6.42271956787954 6.46377092449594 6.51914609778277 6.56616399930578 6.64575919213645 6.64117636972127 6.65465177793914 6.67393714362689 6.68132231390387 6.78785345374179 6.8385183524962 6.81035662801953 6.66885486974046 6.64858098265807 6.71837397017234 6.8991146632897 6.91639817951333 6.84398053717137
5.76228859993858 5.75477693508718 5.73822868027457 5.73152067225443 5.73341662181435 5.76963237442207 5.76957866603393 5.73639811029724 5.74503020207358 5.77614531947057 5.83967321852364 5.88045763255774 5.92632948674361 5.96748831201851 5.9888316530561 6.00810810136908 5.99415600558221 5.97401314648458 5.95209916421747 5.93631342780326 5.92226185575716 5.84984231067334 5.84169689812945 5.8695960355653 5.86154173271351 5.97164465779235 6.15423020837509 6.24070963683352 6.25678742988114 6.25834462910525 6.31067066520255 6.3280003832851 6.36246950467629 6.42140337238762 6.44743403865992 6.57884186659911 6.55838528238093 6.58570357902237 6.60199976879469 6.58841562251992 6.59321576409442 6.6720805567099 6.74431498460815 6.71744090557151 6.6665124901643 6.60680900120447 6.68763117764272 6.79475293159729 6.86581471928875 6.8928072196948 6.8488010962351
5.73546991143444 5.76047812267125 5.75467031827409 5.73809751586466 5.71446009132121 5.7382880838374 5.7625271241611 5.77372539972011 5.80618051048508 5.83444026126355 5.84934554653386 5.85902639047334 5.8978215713305 5.95784754117698 6.00681869512345 6.01117300525994 6.00950256201466 6.00365048422851 5.98149844450957 5.95733677009544 5.94477224645821 5.88252087614235 5.87857867209826 5.90925803119383 5.90870204265529 6.03982067376752 6.19833321617114 6.25894190782422 6.28364620339875 6.26708483086726 6.22393238256766 6.21631045754985 6.33179687309828 6.40999808940618 6.52087298062936 6.5700316705223 6.54060343614971 6.57854475036667 6.60454445337276 6.6148747980288 6.65910072344101 6.66624423106932 6.65765586963369 6.6540547567889 6.5530762305664 6.5851568499851 6.77739460759697 6.86200286592638 6.81706156362403 6.87601619976312 6.78524963229103
5.73297279650115 5.74410780618464 5.74269306651364 5.75563382513087 5.74410612175327 5.73316321591298 5.76979105589916 5.8052985777252 5.83277771982423 5.86430978382191 5.88577409074079 5.91959071311136 5.94410672041186 5.98444421761331 6.01687420151632 6.00755451352591 6.00777754990338 5.99989769250192 6.00221536332488 5.979302370533 5.92692907752241 5.87450930675034 5.89286050479182 5.94780571424807 5.98193241688898 6.11331021608398 6.22164505364901 6.24260060961085 6.28286403414983 6.27387753908906 6.22021909316776 6.20642345916569 6.28782953597892 6.41753485842172 6.571646669741 6.55979987883715 6.59668629138278 6.63570393321527 6.64343817395285 6.66666235976659 6.70869148739975 6.65284186297373 6.58817590285313 6.63406949299047 6.62437983166731 6.74327559246875 6.85780871241946 6.82900605610432 6.86220327286376 6.83369358449326 6.5871488747994
5.75390236238072 5.75869777561253 5.73547253165286 5.73828348351599 5.77074013510684 5.76920972529264 5.79351252109128 5.83587128360981 5.84276561142345 5.87418533353921 5.90242672571034 5.9517693001942 6.0089477614142 6.04094333197918 6.0293904813282 6.02645355558299 6.00631183946414 5.98687276002267 5.98180487502497 6.01140674519423 5.97672346329486 5.95784666409313 5.95380024046594 5.9971755792188 6.0735321087751 6.21341070222899 6.25305678717176 6.23879786189961 6.26487879125603 6.24860183407283 6.20068350042094 6.25965156802251 6.31515921500145 6.40094872308954 6.50235704939429 6.5637826965108 6.62833101154005 6.61947267250255 6.6263550840394 6.6734897148611 6.71877022419388 6.7101208427178 6.69061479414435 6.74658619368514 6.90333567474781 6.87970879130868 6.83723675299224 6.88853074385094 6.97049784692155 6.8129877592258 6.55737708034993
5.77863161449751 5.79938101456115 5.77841941751057 5.75509839817588 5.77838005188461 5.79745430142978 5.81709251628727 5.84229223250333 5.850806785801 5.90159536542151 5.95732328244953 6.00510687310487 6.04565097501694 6.06711990252976 6.02074514229442 6.02817867848741 6.01281618956945 6.03694705695604 6.06443061720733 6.08128313468608 6.06426611791558 6.07188372319077 6.04798008810321 6.06478150005839 6.15062406250974 6.26560704836569 6.28588007015076 6.27943089278959 6.29824157426358 6.28415771101264 6.20491096636995 6.29933876788356 6.3942716026264 6.43549181736062 6.39917797729577 6.51171181678403 6.55437457373409 6.54362304666234 6.57418863429395 6.65110631680261 6.70196757794135 6.7474562303437 6.84022243830892 6.89720543858117 6.88570566546907 6.90263681681795 6.90993308961041 6.96781206912036 6.91414860723274 6.72633975541843 6.5913572855146
5.80873076226444 5.82912090136332 5.82536401367313 5.82300430832587 5.82110798591733 5.81844233764043 5.84045811382979 5.86519947234358 5.8804037304523 5.91154024390421 5.97512535209202 6.02789233662241 6.0519324515518 6.07708685718774 6.06737336215146 6.07483075453073 6.07948480446862 6.10756469058516 6.15507087417716 6.16283629195019 6.14587686223125 6.12823305251638 6.09967556854821 6.12397350071051 6.15455676301884 6.25229329680014 6.30613471196574 6.31319676309251 6.33944923062899 6.3429251177098 6.31712684604142 6.41751700206844 6.43008647510331 6.45964319156012 6.42156578285495 6.54523818728396 6.57054961250388 6.55057481592143 6.52717904178583 6.66324271590936 6.74561561243258 6.74796596425514 6.73950805492185 6.7315384112842 6.68705755767053 6.70657674703266 6.76650642450436 6.93499203615923 6.90159304786633 6.67038257777015 6.57351087096573
5.84749660741083 5.88056697960871 5.9064968387011 5.92198373424169 5.88834901882831 5.84598155939319 5.84208897577256 5.89207296452161 5.92521087598576 5.93373605188996 5.9858500706579 6.03911767655708 6.05708857864862 6.08694247811675 6.1023549474998 6.12092547173788 6.12864993552967 6.13220798714474 6.17915766687264 6.20614828339885 6.24910584216336 6.21836958634288 6.17880090628431 6.16996542845552 6.16756634435006 6.22060512258947 6.29212377353834 6.32819431836199 6.37852794082513 6.37894127189189 6.40549019049052 6.48624392151895 6.45027759049897 6.43418427625263 6.42070742014821 6.5343698536917 6.57228617515374 6.58084602761397 6.67252252591719 6.77225063278855 6.76937293717693 6.71259611810775 6.62932501468842 6.55247495549066 6.53239828010009 6.51012086471362 6.63490535457944 6.81661807763794 6.8099721611079 6.69096868641075 6.59737352487087
5.95729617606183 6.01791634012205 6.07225013360405 6.03483775301678 5.98330052764858 5.92784474066807 5.87451989425497 5.88767192216019 5.95414858055238 5.97115381953357 6.00562203735827 6.04996863316719 6.05390901962293 6.07215573406371 6.09813965848473 6.14527730185873 6.16450848436018 6.14582768156114 6.15194585455307 6.20269337289771 6.26105572186536 6.24169096007346 6.21385369320594 6.18470626128699 6.15274977027739 6.19464569629236 6.27743834288852 6.32594103388458 6.36335226340621 6.3896803367883 6.42162707662134 6.47864502854875 6.47993703219336 6.45300845373232 6.46680738906728 6.56581265923505 6.5606799733715 6.61880427376215 6.68871950325957 6.66658913685038 6.64893738932947 6.60812215122412 6.60436117305544 6.55725337625742 6.5602753497491 6.5644035325293 6.57422341227046 6.59130797223564 6.53639879593725 6.42707648549246 6.48596232759989
6.17125627112644 6.21505472904897 6.21534179921774 6.10134360992445 6.03179923317414 6.00623792862813 5.96221323925281 5.92192744114621 5.95829812184897 5.94727803482071 5.97717613030052 6.01750434507985 6.02623722268605 6.0284009468323 6.04669406297892 6.10539433070208 6.14333723003766 6.10527440694481 6.11430521077024 6.18197632168411 6.24887845277502 6.23898771563989 6.20703998792501 6.2103034064767 6.20692280906394 6.25529571681308 6.28742631647766 6.32804252237571 6.35868664307152 6.39569070510966 6.41922170824595 6.47244359172299 6.51538285668846 6.50756101468464 6.51154827525676 6.52988210837761 6.63225109473178 6.7046244261652 6.5507499656721 6.40742961965654 6.48746815698085 6.48159215540316 6.59988085154652 6.56451686308126 6.56199581014986 6.55932619523097 6.55258570891832 6.58425228777164 6.58721582745013 6.53127543403954 6.52617484186562
6.31989769077881 6.36194529398136 6.29635042829364 6.19031278959844 6.09920255224056 6.0875645937438 6.0462631809771 6.00130895233599 5.97084349731956 5.93853628338661 5.95644168888129 5.97047231223828 5.98879708035878 6.02150512317334 6.03845928102689 6.075903051114 6.1064367833728 6.09093177961649 6.12443067159365 6.20089234107048 6.23451148552348 6.21617101081784 6.18747104245127 6.25254679140303 6.25854273942355 6.2909706292983 6.319555364392 6.33914520038605 6.36651242255237 6.40668340164441 6.43224986087052 6.44137723235817 6.50911105267474 6.58537963512398 6.58607408739361 6.60748352533232 6.69871044443224 6.67708343879197 6.54003847589813 6.33261185192514 6.33303821183673 6.3404604686809 6.53115597342094 6.58511716038549 6.56222223258716 6.56450250641251 6.52962697589049 6.50491689375907 6.54911369815731 6.57790634041426 6.55740896896283
6.30977854089667 6.36498797411287 6.31342180961478 6.22515502363168 6.14058839550089 6.11640587130231 6.10154298253564 6.05116908012379 5.98640246262573 5.95725046105891 5.9649558942459 5.97902726927531 5.9961701307423 6.03008486029591 6.04759379938229 6.07923628464259 6.12059984258328 6.1219156979455 6.16333747613884 6.22524090994094 6.22869624312839 6.22789984363412 6.22073495677978 6.24169036812048 6.26501345960055 6.29067583850829 6.33165841499225 6.33196235488846 6.35199281142508 6.40499243120894 6.43848248052496 6.44341457205818 6.53357139918757 6.65562533660908 6.61800292438274 6.6162149196307 6.67917333828769 6.62920475897343 6.49668806119923 6.3935248476109 6.25555613696054 6.40882335300158 6.54918807387426 6.56256413792702 6.52121101851466 6.54002418570272 6.48535035279043 6.48227002276091 6.52196805884066 6.5618956343754 6.48454406022248
6.2897144331042 6.39030418276519 6.40036855638844 6.29447840747345 6.17140929196805 6.09642628365204 6.09728913498375 6.10011051124604 5.99789358531892 5.95136914059592 5.94887501888205 5.98707273024734 6.00468626058171 6.02619888959309 6.04882942750678 6.0895954084876 6.14438657075759 6.15548461068206 6.17757974736211 6.2445930448858 6.2470354304107 6.26938536060207 6.25509262230744 6.24624244651859 6.27677715313828 6.29460821058607 6.31926409726524 6.3309324871759 6.35980966294172 6.40591909912231 6.42300090401642 6.48112774537237 6.61081944789087 6.66915217424837 6.63790589113473 6.56411303053669 6.70233983105568 6.63224142051418 6.47214931713753 6.43840924290832 6.37112587339709 6.56203581636891 6.55797359580201 6.55118944707872 6.49411199282991 6.47835585794671 6.47274546808379 6.47264024149829 6.4985010520886 6.51675473372647 6.36287278057019
