Climate_data/ph1_4_Equal_10km.asc
NCOLS 560 
NROWS 490 
XLLCORNER -2904860 
YLLCORNER -5334205 
CELLSIZE 10000 
NODATA_value -9999 
[rows 198 to 219 of 490, columns 102 to 152 of 560]
5.84826136512145 5.73663133290477 5.67735973562174 5.5942297351379 5.64092816820148 5.54517345043939 5.45112361854073 5.37269300070806 5.31480295172584 5.26572764669562 5.25179396954131 5.21929291643406 5.19700769844058 5.27445948527144 5.42422208032699 5.48171135566587 5.38659499563494 5.29119966288094 5.29921154358917 5.30270447426983 5.37609323087362 5.3949239622718 5.31375267323322 5.2852814233458 5.28728494826346 5.33282874860831 5.43238228345604 5.49514452447454 5.56583108888894 5.59753203448197 5.57658926477837 5.51561086378685 5.50168401026928 5.52544180928771 5.54572028037032 5.45955892782873 5.33462708417197 5.40930488286102 5.45481928666677 5.44683947414871 5.40734077813897 5.35188235867989 5.36999256126445 5.37377703762506 5.46238669243434 5.53503693916868 5.49809821341418 5.52647433022567 5.5311305171169 5.51748584459492 5.50952304254833
5.67047276142983 5.62524375055831 5.59209868634779 5.56395841840088 5.59663407962602 5.592485289962 5.47090831701262 5.35150179056661 5.31894589141537 5.28454287093907 5.28165573394292 5.25002897638565 5.23418931421572 5.26981159197592 5.42306388794662 5.51416752320027 5.50045024610506 5.46274006896081 5.55599071924072 5.50298296932313 5.5348150641763 5.73855709969359 5.52200338924353 5.33943884958488 5.32689356512721 5.39025981946141 5.40009866656205 5.39677295268911 5.3829306134775 5.38278584509981 5.44355093134699 5.53660700517666 5.52283809962744 5.53488611028863 5.5151043711881 5.38771505588685 5.33090212023205 5.37332083559826 5.44026036133957 5.48952367560941 5.43455570775468 5.37519352962426 5.34844419361114 5.38691447702024 5.46792641666949 5.49101330474433 5.54392703333244 5.56723194392847 5.52639855720673 5.49360255561414 5.47914586103876
5.58295317596369 5.58789173401051 5.58017683946001 5.55901802888074 5.62482942075476 5.56906430317337 5.45790482681994 5.28685659397108 5.23505170712091 5.27274566762726 5.30111740957326 5.27734242020459 5.32090503842103 5.54904507580912 5.83845781785132 5.93746032736158 5.83563829452584 5.68785677647362 5.72481472791991 5.62228416441369 5.57523684105749 5.68877944252661 5.5884803321379 5.40648257628107 5.35866069895258 5.47023111264985 5.51880109222794 5.37679179139119 5.30310180998362 5.30942401099405 5.39100434668476 5.55129501167364 5.50340507021697 5.53584620990949 5.51785606190037 5.46451301183935 5.36982666907188 5.38731226323121 5.49828921946424 5.51452235984009 5.49276121685549 5.40117570822055 5.36394946195968 5.41616643428176 5.47743323143627 5.45668346091037 5.50285601730052 5.50715730316762 5.45483969940525 5.4262292615604 5.44413373521498
5.5191212125739 5.54500777186581 5.57671199062416 5.57348419527315 5.60884875273568 5.47898046663415 5.40794223281497 5.28379554234766 5.19053695765224 5.20500636838632 5.28675068747893 5.31261024951583 5.48517476573597 5.55447968848503 5.47503159358891 5.71018314296048 5.92556288222504 5.86214466875591 5.68121527710937 5.56666087273217 5.53163045060536 5.59085215548996 5.81900499378332 5.74620250968524 5.59100004018913 5.76722611275267 5.80378895682653 5.44613902349371 5.3666840294901 5.35008470674297 5.41220864649601 5.50310130856453 5.45091890742449 5.48960701539574 5.52254921956628 5.53717425674454 5.41168537219086 5.39460007419944 5.51049596225399 5.56422232910324 5.5635508210795 5.50298342560909 5.43490107266998 5.40222152782702 5.40391421763769 5.41231414233153 5.42067448993113 5.43847330277601 5.49143245652399 5.4914245759981 5.47858312768964
5.48082454670381 5.50625099260159 5.57461317738122 5.57740214610678 5.54546587294558 5.47023914003012 5.39800589437578 5.32425602879098 5.26721879788603 5.23895836618489 5.25795729841015 5.35197393821817 5.44253854203439 5.387649502426 5.36110825619701 5.39709840407584 5.44703453441975 5.53679243492494 5.51125325596216 5.4828896112581 5.50212811718905 5.64096656328705 5.80145604494827 5.85153761594506 5.76373154595291 5.83700247434914 5.92063514192757 5.51375008470935 5.50529552516028 5.45846215475674 5.46397381835011 5.48669214932699 5.45016515205812 5.46070970677319 5.47700893140372 5.4854940421497 5.46005295385249 5.49450994550613 5.52595561154029 5.50854322152247 5.54540582706932 5.55758729764117 5.44961567226887 5.37723365523702 5.43673905064429 5.45067755660007 5.42716777866923 5.52726462540062 5.59870195386566 5.57414638116255 5.57062317345606
5.51432227422215 5.55036014262525 5.64433900987765 5.64790392056766 5.59348548361565 5.53566580225562 5.38803919850755 5.3583112530383 5.3493982041444 5.32549150642624 5.33684464102782 5.36285487667771 5.3657984090581 5.29874538269269 5.36415699373437 5.41568104448011 5.43020387521858 5.4662343782055 5.51393479285985 5.47522080199908 5.46674308329645 5.5068040033614 5.52533740696542 5.53301514726162 5.47656664427877 5.6112072316782 5.66883311848044 5.54450242931384 5.54768933325327 5.49139848927048 5.48289654820446 5.48865407345864 5.47587884106305 5.48416574530026 5.48114362719493 5.51878096799121 5.46210846941391 5.43206335094547 5.4511678494937 5.40194044951433 5.42297408915643 5.441420416493 5.41469289761039 5.44828990759392 5.49935961985134 5.50265287058792 5.52114376579062 5.59461580168675 5.63766565417272 5.64670427717115 5.66692311702124
5.52685146927913 5.6714068362286 5.71641968024956 5.72003113066292 5.68066001539527 5.56987495751859 5.39730948408119 5.30071674520723 5.35356816634987 5.33752266717411 5.28997651160641 5.28676057717517 5.3086140935419 5.31168262450497 5.41061226629403 5.46475249152996 5.4540621516141 5.44133228717728 5.44608502202441 5.46017557501818 5.38780040814313 5.41457817820312 5.43502863484254 5.51299185848362 5.46469459542786 5.51752495737228 5.58646830764278 5.61214391489701 5.68794239883878 5.7028824423272 5.70071852576482 5.65093353047271 5.60736548262706 5.55667300772859 5.5164714244961 5.49483918439744 5.51587447537625 5.53327358847556 5.50409714883001 5.4254484253687 5.40562851635988 5.4086753142527 5.44435597390686 5.47034810076561 5.48127113650824 5.5216293910401 5.57281752237748 5.64751222249919 5.69635377429764 5.61159415160687 5.58060781159578
5.47570785330312 5.6404683119522 5.73657433463437 5.74759774545127 5.70876715426923 5.54909046466541 5.42276066562296 5.29665863563626 5.3063174360787 5.35540130114333 5.31255406245133 5.30562878898173 5.28365253574329 5.30911493854744 5.32381886349351 5.39824812001114 5.48976234414662 5.50808139962255 5.5292984933015 5.55478425944482 5.47571537883559 5.46888560927631 5.48013437434731 5.55756369608646 5.49368702452225 5.45323032741406 5.52065092465239 5.5085623172635 5.52203927745161 5.61807126353105 5.79649787935839 5.77831024468786 5.72459215742089 5.73926085240852 5.75653579200441 5.69785589188953 5.82934346169016 5.94162352238337 5.88804046486861 5.75722966007646 5.70631471938749 5.64121754072549 5.66665493929052 5.5598384445976 5.523736745089 5.49365935549821 5.49562555223353 5.6729586314254 5.72213726194664 5.62458284396025 5.54973164782069
5.56992533492059 5.69861161251312 5.78047803890569 5.79660189928294 5.75287139959406 5.56636366529495 5.47979264259325 5.33729686139448 5.33149159612165 5.42314135343852 5.4291364276334 5.41112922532782 5.38005386001941 5.38620521298345 5.33409574493342 5.37639749286447 5.48896588392259 5.5628540417119 5.55953874821877 5.57146079578132 5.58605938220918 5.61081722084536 5.69530218128278 5.84351654538493 5.68761129535511 5.54953522152054 5.54500133417629 5.55277250960095 5.55582278423153 5.50261265885747 5.46225673976736 5.48939393012722 5.51511553173839 5.56557158130655 5.60355326779702 5.63771389210507 5.97548270086251 6.21870958322568 6.23087625465382 6.10092820329434 6.14124246630608 6.08971491854102 6.02174891288444 5.94512677268368 5.90473533769956 5.67495497725587 5.51338977718977 5.61790211888567 5.69968427101961 5.66166575295113 5.64576110465086
5.62609260830927 5.73152908135429 5.80443023745139 5.80304777950439 5.73555412910653 5.64172497965453 5.46934397886213 5.38264872704572 5.37964737697558 5.46835415224271 5.39263295430838 5.38037093886118 5.42029169073837 5.47741464811279 5.45462884725401 5.36984513927108 5.39350746388297 5.41915070706333 5.46496648417708 5.56816578187888 5.68415804244182 5.84049090992141 6.21297776825734 6.19158002173132 5.77652543045195 5.62363893946295 5.55662989345689 5.52309880138532 5.51090021538086 5.50191591109805 5.50198781803075 5.47675541381252 5.45027989250088 5.46835847158903 5.42512331242324 5.4269943898089 5.57324802396648 5.80043436502715 5.97661960249699 5.96931586084325 6.00171540522285 6.08706203238325 6.17156156493814 6.07602469706655 6.02385375483383 5.97325697430579 5.78087704711645 5.66811547166241 5.62523440414567 5.63767239537926 5.69038340394895
5.62678855908874 5.73166077762062 5.80342104140751 5.8116617812389 5.7773001330154 5.71298152141175 5.54584420645633 5.45191421893602 5.3997227711473 5.45767191015851 5.40224806864821 5.33159249855914 5.433417827115 5.5088090954752 5.4658482933002 5.3171415038026 5.30007932910301 5.31382240488511 5.39283106361627 5.5349606305565 5.52525357619705 5.81849802352807 6.1596504635812 5.85430499652607 5.58855591857676 5.61516206394549 5.5780890870379 5.58009776977316 5.5483831850036 5.52651057949965 5.52562972096834 5.48481077047301 5.42245324197211 5.48735345905407 5.52445850261028 5.48415913980251 5.42221208725756 5.5002822512599 5.73395699607913 5.86250792042428 5.83313343630915 5.93899683627067 6.0824940368777 6.07863981951441 6.0446054198355 6.04634619396001 6.1018009359775 6.10542207888268 5.90173265329333 5.74176379551992 5.7404582730785
5.58160851560421 5.7186500679515 5.79035593444532 5.8166447655325 5.77185844596757 5.64410782471377 5.59057489157056 5.47045803139082 5.35699927710515 5.41863434353126 5.48903056380188 5.41619594832313 5.41424802995714 5.44851502270191 5.42543867744644 5.36318816641842 5.32987384521618 5.38517268962238 5.55321761878585 5.59987176184302 5.51350918088202 5.56256848719314 5.70765671044643 5.55292337138469 5.44835331506824 5.51754348262411 5.5749686177198 5.59030417059789 5.60557222686836 5.67001979741648 5.66329549354662 5.52956072510946 5.46786612411555 5.5199981283249 5.55822407486702 5.47508283015364 5.43884581903975 5.46004673847673 5.49670289899756 5.6290579676898 5.71899256817436 5.81506579617025 5.86509748562554 5.90562225521635 5.94215978809882 5.89995736914683 5.99864512754769 6.14383342826672 6.03079366109783 5.75893142630502 5.69163265543692
5.54771555859784 5.67363907415906 5.79713750904384 5.82436789492992 5.76005877626213 5.65036198040013 5.59970734717068 5.50645014004662 5.38438570132969 5.3873901721861 5.46766137417518 5.50188486550716 5.52274035703276 5.50939502375141 5.51770960177945 5.54560344431887 5.54712079863973 5.58175845212332 5.5613037885608 5.51484587369703 5.47606078036508 5.53662684451125 5.59353874653644 5.53908509898751 5.47261461435563 5.52302409864885 5.50643691902719 5.51116217710152 5.58026545635553 5.62810380344103 5.61656734195475 5.57602298556801 5.54222129284216 5.50376811660178 5.50849805710283 5.43140669953264 5.40096461113022 5.39707391534072 5.3905192516663 5.42741131354904 5.5138917626251 5.67496974223636 5.83079206255792 5.89194058751958 5.9562045467161 5.95150329254263 5.8698823228389 5.91240614006028 6.14877118862574 5.96833473827845 5.80611108552519
5.57277598981722 5.65885514269371 5.78620516175932 5.82540385978705 5.74844698303499 5.62966240298063 5.61580916302896 5.56964513040859 5.49228512620799 5.44987351554178 5.45819796590038 5.46639663853669 5.49580704286961 5.49981265912474 5.5170839130199 5.53171234061242 5.51463283964686 5.47390824963967 5.4264724807609 5.41760830942045 5.51625539468303 5.55416121201377 5.56705177402665 5.53461155840049 5.50232093555044 5.56377364787536 5.50623877665005 5.41610438509979 5.42355040028195 5.45839919685635 5.50379812964134 5.56025308182587 5.50321781508632 5.52289023602199 5.53637587643962 5.49020086962696 5.46991743281697 5.44565881634294 5.44435665499608 5.42721035304302 5.45632193102747 5.5064323603899 5.7182300957727 5.84936784458669 5.93961698010943 6.06793903554292 5.94750359200546 5.84987493792052 6.08520732105837 5.96010114973377 5.878656121552
5.63251962768307 5.67896671976681 5.7669205176915 5.80847606960446 5.73183435854904 5.66109270277153 5.68451282476697 5.71301820983697 5.66890819877339 5.59896611349361 5.53497485601189 5.53619321657487 5.53083619501845 5.50108254931457 5.48181495739189 5.48327861827442 5.48160874473966 5.45716747215468 5.42703142426321 5.4251995485169 5.49014211442475 5.51293084750452 5.58172381755181 5.50207430683575 5.44719728002372 5.44583875334046 5.45268708217888 5.43668797126717 5.4517674248333 5.45550409428034 5.44682144879464 5.481624135826 5.50512676806762 5.50419181328807 5.48943528471609 5.46731508043735 5.41160005996875 5.4058586279799 5.42016190565093 5.43530348859672 5.44523515095961 5.48565684201597 5.59144912453602 5.66799366555082 5.83916921329514 6.01080214270673 5.9542729499247 5.9280459072774 5.98920484778985 5.81639396858723 5.68514654565643
5.60502889117779 5.64219298543333 5.73933366856387 5.78205388991967 5.70816192207357 5.6300936497883 5.65320899458751 5.72813906184862 5.74540925703236 5.71110318925133 5.63487652687428 5.55822106293406 5.55651687272021 5.53901007008879 5.54690045781472 5.55307548825752 5.46626683111836 5.39975405589622 5.4286755819892 5.44056167537184 5.41426316412162 5.38804693145115 5.56214092142156 5.50359289411025 5.45401000316613 5.49383288529976 5.50612485047698 5.4357365023666 5.50224130425993 5.57336042046583 5.5461425408316 5.57534880202903 5.55102688824008 5.47469352763881 5.51510798445903 5.45735264160181 5.39780444955796 5.40050082508217 5.44508477049767 5.47543170544836 5.43046423164387 5.4844978719079 5.54556502907868 5.51405757092109 5.60558806595676 5.82044729251898 5.91914532977962 5.93696674410213 5.85086696917723 5.78864774079778 5.71788638801279
5.62105149074519 5.64057150216698 5.65385590429496 5.61242348606998 5.56284619894582 5.5440178575018 5.54255696272247 5.64627460421043 5.72557132494502 5.6650581166593 5.6073586258118 5.56326741759844 5.57100965117001 5.5509624608096 5.55007224188307 5.5766337202679 5.58399905561884 5.5663356855621 5.49896000771894 5.43555896666075 5.38285817702717 5.36265861168186 5.46826304843541 5.44564916488138 5.42791604340787 5.4681542936621 5.46638615556216 5.46978113154815 5.59433016601532 5.57286253932368 5.56718367481514 5.53735320277079 5.51963516147786 5.51250908381169 5.49361424849185 5.4617947726563 5.39882456600151 5.41245739243246 5.46754006070146 5.50993287607703 5.5096195247663 5.53535188013379 5.53906025911971 5.526418689647 5.48952879603036 5.61241356722948 5.67040734553431 5.73747972586488 5.75630136114016 5.85866680586651 5.84132285079805
5.62328127182942 5.66740004040911 5.58104475466433 5.56943721237398 5.54669007199857 5.5250019224148 5.51827378054352 5.55078469913629 5.64617956545165 5.70848890165103 5.5980770852086 5.49576185932731 5.4732885960106 5.44502118733686 5.43546083219758 5.51979361342161 5.55081279184742 5.56248217044219 5.48520070530996 5.36772681791637 5.35966307682877 5.37146681904056 5.39545652559072 5.40193600555119 5.34933651715072 5.43260091549652 5.53475551329631 5.59830922292781 5.61068628608882 5.58863002441546 5.60973962785506 5.60485156367066 5.56583207538725 5.5899891573789 5.5401287821134 5.54044276381442 5.50549140619187 5.49893942219977 5.56911098820712 5.57225699241711 5.5462459502887 5.48878107505211 5.51151318556329 5.51988618809496 5.48882802745752 5.50015749152593 5.56146650128502 5.57076859921487 5.60999135453384 5.76174357949908 5.81586371458024
5.63535525316398 5.65678109930324 5.55505766465769 5.55003203123895 5.5359410323567 5.52524100262379 5.58197458001182 5.55533946054873 5.58364043508709 5.68842478895017 5.63844704136349 5.50593630168813 5.47167129547328 5.44420715016267 5.41787558505879 5.41538062396502 5.4472827850693 5.43199661125531 5.38009573419085 5.32512254561638 5.32722850457055 5.35827113202611 5.3755263234436 5.38326383063546 5.38663134601884 5.54274939660614 5.58932792373614 5.60772945045291 5.59071208793158 5.61332227262 5.63519139516643 5.58175076320454 5.62270960128631 5.65292627181238 5.63408654486966 5.56381831527771 5.56170886885825 5.54483124828588 5.57153200153509 5.49529750515529 5.46616169445738 5.46625709205179 5.4455105920783 5.47861308352861 5.58128922777954 5.70485151483602 5.7300482724286 5.64941624078673 5.514424687776 5.54682284444209 5.71339461985852
5.64379286661448 5.66103844677433 5.60243081502769 5.51104021784874 5.46979595689511 5.45011605051194 5.53507843079408 5.56012690443453 5.58768953891393 5.6469043107482 5.64451461202634 5.56949350939769 5.60267317595506 5.57619897775287 5.50362623895479 5.4495962592785 5.38700125283556 5.38715269688563 5.40451577108964 5.36074111057842 5.38049190909948 5.40109788250366 5.41819136725117 5.44650359314364 5.45967335493569 5.57895078276392 5.53749590037287 5.55541375149364 5.66512453299153 5.68150267597559 5.6082161573905 5.54465124175035 5.57115743104464 5.59075362802387 5.54979837459335 5.42969653702335 5.38643767790368 5.43065661679501 5.509548414637 5.54218493554158 5.5499994844475 5.64474796654527 5.61170876732749 5.60343806798359 5.68336856576994 5.74650765924589 5.81550354835859 5.75450558935759 5.56358989547271 5.62815732342522 5.75024892121202
5.64466455990579 5.59612956511228 5.58362009651759 5.5284425311599 5.5040926520208 5.45517076777228 5.55250992728893 5.58597160442827 5.57158175204613 5.58751402536643 5.63902929612695 5.60827102731226 5.54041894804456 5.57120972756484 5.5127820963332 5.47452863800193 5.47820100838913 5.47860369295148 5.4751436614702 5.46205940636406 5.44131988357727 5.45518647817088 5.50776666712572 5.54221600616737 5.53345105026516 5.54717427371744 5.53484693013457 5.5363687860178 5.53158163075205 5.53726670694417 5.4970490513367 5.47986612490411 5.52567862583393 5.50962796986251 5.43091974205851 5.39513976154906 5.42075603274381 5.42499788320123 5.49345745300919 5.64128381795873 5.70841064394405 5.78921936534658 5.75160071013 5.73033269526778 5.74565905279268 5.76865706366559 5.85870996418754 5.81707102999638 5.69617322000414 5.74055386151647 5.7774365167181
5.64583002419058 5.55545781167898 5.49676361154402 5.47091807430675 5.53570008737268 5.52225786470617 5.54768358560822 5.57432956303106 5.54357024659836 5.5370040905035 5.58981425323761 5.58620781482974 5.50721994286329 5.49655256171733 5.46594961017008 5.44029598701591 5.48315628100667 5.52886966982773 5.48962181489047 5.47518981975897 5.49661550692974 5.5016215735958 5.58630963087128 5.63777512154297 5.6053724151593 5.59372237423526 5.61626091803677 5.58772284737803 5.52523536490376 5.55384005404527 5.58730619436717 5.56563317170214 5.59574025709099 5.58056337575796 5.62108103391966 5.74875893408678 5.8360567255495 5.74437664773338 5.6987364395542 5.73164730794032 5.74924152532189 5.83188152554948 5.85825434088468 5.84590029715343 5.85861364786102 5.84912035494725 5.87156094407879 5.80505845484192 5.74052880372062 5.74446810949295 5.72331225629248
