Climate_data/silt1_4_Equal_10km.asc
NCOLS 560 
NROWS 490 
XLLCORNER -2904860 
YLLCORNER -5334205 
CELLSIZE 10000 
NODATA_value -9999 
[rows 242 to 263 of 490, columns 408 to 458 of 560]
8.75395676727535 8.18392952894094 8.7085858485599 8.75240258801744 9.46248963291757 10.566838143433 10.5445495128277 12.0544888231486 13.0728998293634 12.5667652741881 10.6431902411895 10.0378495551352 9.74099361870729 10.7411125804017 11.7722131629783 11.8182346512176 11.4337925392198 11.0964522965842 10.7771054376594 10.6145594155589 10.8522051764382 11.2438783816166 12.5484934140375 14.5431503079898 14.0088316800925 12.1485004942417 11.5712025128775 11.9350826203904 12.6593564969153 13.2872784307409 13.5247900932042 12.9971151328301 12.190143896583 10.68177830864 11.5581443364928 12.4124367457022 12.4174787673446 12.2004814981067 12.0438020520788 11.5055800038538 11.2456278604051 12.0176523322017 11.6702994053679 12.4690784735303 14.6387302853633 16.0955545152442 16.4256433972762 16.2182628241044 14.0268965020896 12.0480771872296 12.1494736547813
8.95021975824204 9.35188605988588 8.88345496019323 7.02706060096282 8.24532968895195 10.1438997585302 10.1040090940986 11.7919921293857 12.6135771225302 11.7850831897988 10.7854205902146 10.4365457507863 10.4585061295765 10.5533206340867 11.823596680554 12.341473303362 11.6634724314532 11.2393220357798 10.5420435529707 10.2451353490167 10.6467146074548 11.5163065685281 12.6791553081526 14.1564123804811 13.3505351073623 12.1127180398931 11.4654025891511 11.6208975018865 12.3935926392661 12.0866106874422 11.7608377001727 11.4452823898319 10.9439087253774 10.6741530129244 11.6132542517997 12.5151614227895 12.7224804088071 12.6999335749538 13.2274926807395 12.5151745010595 11.2370534757113 11.5180829458974 12.1202768870419 13.2135667539183 15.3902504074451 16.3466682128245 16.1369856266936 15.8077074640775 13.7522870971317 11.7720560046024 12.8323612920497
8.82858870669736 10.0701755077438 9.21535689397477 6.86103394492472 8.18122523811103 9.27625869304159 9.2244635170111 9.97434004254098 10.917056773006 10.698917878504 10.8522638425349 10.8752657878193 10.8115075394998 10.4542190381934 11.4073887553471 11.7226640624143 11.1472204866628 10.8510771355767 10.2288374656072 10.3191779992799 10.7507078798656 11.2925951609988 12.4637247831357 14.2384682559185 13.7389145593075 11.7384731040286 11.4726648245049 11.2854507116031 11.3221805520678 10.8056744458623 10.3862129730426 9.99473510384944 10.3207971771629 10.9163488019443 11.7534867284913 12.6185448740302 12.8728506610485 12.9875848265068 12.9083472843937 12.0346942052722 11.6298935951846 11.63613980378 11.848986336828 13.9742698955316 16.3807165671983 16.8660879080232 16.1908588642745 15.789858785237 14.1830071351622 11.8421270014744 13.3511702786364
9.5210691884894 10.3626975610444 9.34058820790492 7.62523823875128 8.82774715140926 8.94947610230849 8.73731430589008 8.93457109268878 9.4863574896476 10.2707206088941 10.5242638817793 10.9181048433626 10.4307216921597 10.2099803015908 10.8122418356652 11.0038998556862 10.4507281775993 9.9450892493553 9.52778166218055 9.94767968930234 10.531137082525 11.2620964677426 12.5027240998782 13.2060527216718 12.0073233775549 11.1369227745579 11.2436744063714 11.2334186682621 11.1399226080081 11.0283921546097 10.9459601980293 10.5170735452417 10.4522805952244 10.6576442823057 11.4207871728529 12.4354964271695 12.5556073945384 12.1224244563309 11.9836806852307 12.1770418734651 12.2637103913261 12.0560046655115 12.033814439173 14.1540629162493 16.6944758051696 16.9515653517906 15.8631230188804 15.598936077524 14.6155548919504 12.4005278277497 13.9230399150029
9.82503388932734 10.7459316311732 9.48673505684773 8.97650874458452 8.88823183697737 8.29275173316707 8.22758651622897 8.96270343006239 9.28528262650335 9.76617777258884 9.76553369440186 10.0808656602009 9.95959134218978 9.91951173981274 10.6618891464267 10.5192667609812 9.72251642580907 9.32589076485848 9.15937470024407 9.7017657824048 10.1593583537352 11.377814679963 12.4782363562241 12.1606768045353 11.2540066217416 11.0340539579958 10.6872956947241 10.8124258908779 11.0218309600158 11.1789878903919 10.7611489890302 10.4128112043229 10.3905475206049 10.6554732060416 11.1717059792243 11.7958912253429 12.1784217256478 12.2978176485217 12.2056471068514 12.4077561766464 12.4915984737187 12.0659377185989 12.0756660958627 13.7120959320121 16.2877636431027 16.4987292156799 15.4182227905365 14.8613194698664 13.6951037122304 14.0676303007684 15.1269838006998
9.61979304289125 10.4222912605691 9.74978661130408 9.48746277952309 8.06614613392351 7.5067465989611 7.93590228578446 9.124930577808 9.41092775863957 9.45595114144651 10.1655580851038 10.7569512443635 10.2059013899838 10.0195099432713 10.5760973482823 10.3822913700623 9.5440113949876 8.89781400598911 8.98198345657193 9.64819894429342 9.88371139602693 10.7721007998369 11.0694256856248 11.0885836202429 10.6448939398476 10.5265639693342 10.2854669491936 10.5039901495763 10.6146133163528 10.7211294507161 10.8872308165497 10.8325251756057 10.4995507965964 10.8042391100097 11.3351036390132 11.6820258589064 12.0571368240154 12.4797180913552 12.2603750744471 12.3633228860618 12.7416357132272 12.5745540578894 11.8876539196917 13.008931749248 15.1070635591367 15.7359079502639 15.0349446085693 13.820669620647 13.6303585593743 15.0188637212907 14.8384684498874
8.91185709233326 9.37165832390246 9.42298670333476 9.27722920926689 7.62688975159364 7.3421904496805 8.10228023652122 9.07634742605928 9.13523409492223 9.49139774890902 10.7252406134585 11.1579095783047 9.96521705694463 9.67786140732645 9.98853358857512 10.4624815379651 9.90917724138352 8.96991948763591 8.64982220542355 9.32893489869787 10.2554109036928 10.9385568875427 10.8603065993139 10.8663335428912 10.1976054684477 9.67274090063314 9.92620580257834 10.5421821404305 10.6705276835539 10.7640692421168 10.815790391029 10.6083109476902 10.3890533596115 10.9037161343412 11.6662326160324 11.8998220650124 12.154810452971 12.5274735235163 12.4642932475462 12.2863611390731 12.3563479868064 12.5663111268921 11.6627503528685 12.0813351481491 13.8197154256817 14.7759125371133 14.7837906440879 13.6993073629092 14.4269734328487 14.9157249780135 14.9077340597488
8.07182466752186 8.94975030205687 9.33995874207896 9.15317841795721 7.61377081728172 7.73881205753783 8.02959336797834 8.38107149122877 9.00534598546618 9.20997244941461 9.84047864838094 9.97543272112959 9.54002228276651 9.47507737656723 9.70452066280005 10.2801319351141 9.60165057838927 9.00737240158133 9.19470895488474 9.89767078261465 11.2222793337515 11.5829558302771 11.016203223852 10.6966821596817 10.2938754688277 9.86266377280089 9.57036168533689 9.73321812420529 10.1625331950879 10.5504976739241 10.5675054791629 10.2945700465076 10.1460105864579 10.4462405909382 10.4844895580248 10.7737320433077 11.362054348689 11.8758348690141 12.4666315293326 12.4066021216826 12.3821185976076 12.8195648355208 12.4580598580602 11.3232041081048 13.0796820105798 13.9775768808829 14.5143143189833 15.2997050080208 16.1568754730596 16.5807053957725 16.884709963936
7.99611807639462 9.00146723615875 9.09789173467581 8.72050953652306 7.62939637573509 7.93802611537333 8.20135160329331 8.32305618776022 8.80525131346641 9.04328464389312 8.99940401216412 9.00581367930756 9.21444446359969 9.72090092736597 9.84605963875753 9.63805314642856 8.90158273985675 8.915955558054 10.1325337526154 11.2660217199507 11.8742136045324 11.8868661666035 11.7304588938972 11.8112232107924 10.9414263392208 10.1287786745888 9.62574588335655 9.36386022267442 9.95651134467316 10.8920220378199 10.2982029906688 10.1249193671534 10.1465030174156 10.5090230263866 10.6823302687294 10.9504420184805 11.5253428642484 11.6279515543814 12.0401867470072 12.4778787090359 12.7053215524254 13.1608475806928 13.3212926518735 11.9273215844001 12.6499290798988 13.0176616699282 13.8168849214524 15.2947926137157 15.6376367789464 16.4216486659842 16.496902065745
9.03575775809758 9.35483281131712 8.98984314345181 8.36748501320971 7.62105429606301 7.96921488520932 8.72290555715696 8.73215856930686 8.85718807403658 9.37485618405418 9.21788415800451 9.22883420445137 9.24870982838992 10.0343710042692 10.0303554422447 9.33840555597619 9.07885176143303 8.48143706744466 9.38292493127858 10.5078470510272 11.6330559858206 11.228635383618 12.5397028075159 13.2975143422745 12.0287791802681 11.0731433110112 10.5934007295817 10.3187936274839 10.6185815700915 10.9067085280335 10.0580625237004 10.3137294834703 10.5246383327619 10.5012651483714 11.0255041095634 11.5185574793126 11.7400685524561 11.6693786196032 11.6879106715029 11.8048363317416 12.616843163773 12.8088437842299 12.5996462648778 12.7747728920157 12.9877477306852 13.1797118632459 13.6095296408814 13.8580028305372 14.552862271871 15.1905788384437 14.8925527241402
9.94744259464742 9.34643928008401 8.67230949858087 8.14264501962674 8.23586185699508 8.70783548481404 9.19104707034574 9.22014915094276 9.4304198029162 9.70875172252392 9.50849909558029 9.53377258900512 9.98582756770582 10.3786037087808 10.1531953050213 9.64522560011796 9.33266659753174 8.80977378337841 9.14939195636014 9.53417527799583 10.7394369016549 10.8322395038045 12.4993771618822 13.3800558007425 13.3302009777155 13.2321124796513 12.8470077911953 12.1617007179482 11.6101120653059 11.0087278142918 10.731548630724 10.4556565525079 10.6916690432431 10.7924718078193 11.3677585115684 12.1767103720236 11.8470314092264 11.9052189409288 12.0265328233773 11.490852859232 12.0736287218519 12.7289520196824 12.146654441017 12.7130620889954 13.527532550078 13.9143961176818 14.0877793340521 13.7968185386849 14.1718319031569 13.6452469058342 13.3259148227428
9.84813607083838 8.31564227964689 8.39877715316914 8.38824774904957 8.93717439782845 9.59604163990391 9.20462418683357 9.2764230365245 9.52537723962934 9.79401992579086 9.92514986170452 10.1502590389357 10.663119137019 9.9263036209414 9.46533333380003 9.46332629700692 10.0256372823313 9.57422634636482 9.29636108150526 9.78030051835542 10.5757978097299 11.2885423958982 11.2823261467924 12.3374629554809 13.444007426831 13.9082293348634 14.0052507783399 12.8769668414777 13.1206341225166 12.4976086433796 12.0327985877536 11.2632519395097 11.1480251404054 11.1839939120487 12.0065306357065 11.6942451387192 12.0078163585354 12.8558004266045 13.3668083489564 12.1560804727754 11.8438663765604 12.922568639805 13.1165877995347 13.2119121301619 13.5753510422643 14.0788976311581 14.3212072547801 13.8991206412541 13.4620172155721 12.5182064286035 13.5773157903829
9.61859076086599 8.90984405430588 8.89971048194755 9.07232991453614 9.45421352652993 9.62465422748085 9.42601975079661 9.39249802837528 9.15819603053887 9.33469666587235 9.77132601654326 10.3013581790803 10.3806004175054 9.10892846135335 8.87841199378293 9.1781016210497 9.72894538150116 9.69781858080901 9.41008487861037 9.38752845561417 10.3199743450088 10.3731774658875 10.0720621634961 11.2039107810245 12.4093179761583 13.1503683173278 13.3547930081532 12.1386341756902 12.4520381008786 12.7376490488341 12.5061605872426 11.5057917113906 10.6922626003238 10.8232689131698 11.2878678676077 11.4159767248591 12.3948334967311 12.9640354136345 13.5163740536711 13.0451288321392 11.9906387983659 12.6755494150946 12.8571423613356 13.1424085044123 13.0659864141889 13.9469364384779 14.6899900043868 14.1811820864962 13.3223057222753 13.2367586334051 13.5281973174908
9.99352634937265 9.5580166654308 9.33461313044368 9.38121527323499 9.65836350444628 9.58116800310222 9.49070266618095 9.19272645172523 8.72900845099495 8.96683927549643 9.56194771599113 10.1553013639486 9.82182983531541 9.13555055864733 9.01816655435602 8.94633417073352 9.1441091156558 10.1634817075654 9.79828513312311 9.95884790440374 9.79780971265953 9.57886529154114 9.61005497410782 10.5393748110711 11.1637332629752 11.563114788453 11.8828900782977 11.971776392122 11.7072030514327 11.7591170517598 12.0892782763001 11.2999956622639 10.7143279678866 11.057477780002 11.3397562791554 11.9856997370018 12.8244024564622 12.5324870571729 12.5190603002617 12.8539571768964 12.6925312775802 12.8525050998534 12.800550339816 13.7422388050082 13.1644228326995 13.8352633218124 14.8473719015138 14.5882684927104 13.6496339793264 13.2682574387607 12.8047805171423
9.79019040540119 9.63278600040031 9.33640080718681 9.31043898003943 9.33354857028724 9.01237377342649 9.06862267027932 9.36283790975529 9.13545150397149 9.23964027317845 9.82237338044728 9.98110856063946 9.80452495212288 9.45748472410116 9.4349091321078 9.01609340462122 9.334473947109 10.3538520972635 10.2539374474627 10.7983686278251 9.99891130041526 9.71035457481517 9.86206070969181 10.1261254765908 10.5637270625726 10.4687562803366 10.3828571964556 11.1227523378543 11.608403587169 11.6121799524348 12.0042387320559 11.6819114035441 11.9075988183239 11.8925664249686 11.8759846581914 12.2493809022815 13.0018506985012 11.8592299252377 11.87422648143 12.6125888707473 13.1457659701497 13.6408755596513 13.8539363243293 13.9347528283982 12.5771652546524 13.6546729597324 14.7832095946987 15.2044812311695 14.6103116527309 13.653307112575 12.8473748060946
9.61656826434585 9.50915049447957 9.42723780684118 9.26675317665664 9.204872647219 9.16924671337867 9.39437824241232 9.74091202015308 9.57706330006715 9.38865845270317 9.48490176873455 9.36819266981698 9.47868945507886 9.41053340815098 9.32573219832864 9.24754643105614 9.41464732740028 9.79738875798207 10.5480129600241 11.0977736629641 10.7157701670783 10.7263758759471 10.7045625641436 10.2023433000489 10.5853012841077 10.3929162301211 9.79181668743893 10.7761149871249 11.8689018002487 11.925172717036 12.4270492860374 12.7622787219254 12.599519040511 11.9189664006127 12.5476241536039 12.8760810172478 12.7926014779723 12.6170663074712 12.5973725508813 12.8834642741457 13.2670586740939 13.7124918000779 13.6554286972804 12.7618956653659 13.296919839644 14.3230386089683 15.0829432002444 15.5843819940439 14.977470484623 14.0154853781112 13.0190031332391
9.65940785307709 9.53590738415052 9.2295919051326 9.24213698123176 9.36303132282466 9.46524941568557 9.32582917295843 9.44514280770809 9.20342841120126 9.11118493835867 9.08072941156775 9.09474376466705 9.68484116787048 9.44030383275278 9.23995310405647 9.70603365786251 9.60264119321925 9.98290906956781 10.8943024817753 11.3171964760978 10.8667778863508 10.7898176286949 10.9297532647584 10.7741613119321 10.572121957021 10.5285907553891 9.96658452444978 11.1335737087142 12.0935904983257 12.8130360047912 13.8204029091203 14.4264034737898 13.0426017277511 12.1708563220002 12.5486291510226 12.8787272091318 12.7856195258694 13.6205776542261 13.8379503142609 14.0401106131768 13.6965825867865 12.5705117949475 12.7270667858538 13.4519062500945 13.7298366097832 14.2707011350663 14.1154930506054 14.9260369257256 14.5097533901301 14.5315339824989 13.8696597612028
9.61316461732801 9.70822789486074 9.57665400918123 9.50781786851951 9.48810637928122 9.49903024233842 9.16046103175663 9.50956953446632 9.36940186027407 9.29693284521901 9.07475723677124 9.18073396960316 9.72114692388923 9.60857140384348 9.73949873762514 9.60086895394549 9.77239541368767 10.0845060082164 10.8814758137318 11.453229042104 10.9582604421538 10.4362960535935 11.1087072637558 11.0126745804744 10.9367633367616 10.9715651860831 11.1150143904815 12.1333041915371 13.3744738939369 14.3437305942997 13.3391164153067 12.813332235562 11.8370619274823 10.9052390536796 11.4787313919001 12.2493454810648 12.5833716334098 13.4783533484328 14.3988111316743 14.3616562510549 13.8966388299703 13.0344607909029 12.8212414139316 13.5123212625614 13.352744411287 13.4438650849032 12.0893871676957 14.1344276055991 15.0672168275691 15.1709234875813 14.6844895259435
9.66317048350183 9.6938480177956 9.7271702305168 9.6898715587673 9.58520172078603 9.46041349779412 9.44976852578533 9.68070507254322 9.57484120121385 9.23939675091987 8.99718069801303 9.43934331099549 9.85414378048417 9.9951510439392 9.77880344857847 9.16867003739288 9.74841930764878 10.260034139409 10.8816840715078 11.4247269565638 11.3641796384173 11.007251670454 11.2526636747702 11.3343158130391 11.6311423960774 11.7161193316983 12.6376302193487 13.7660837229327 14.2197576362827 13.2466119622607 12.1890807588583 11.8385074289259 11.2762398494233 10.4888733851649 10.5850643105638 11.9039670405696 12.5342394045819 13.1085787715872 13.9101444040879 14.0988877427177 14.0102313723354 13.4995788984525 13.051634414224 12.7705759444932 13.1819929401352 12.2778977349386 10.905608839537 12.4015686027812 15.0481332298571 16.0143788195749 15.3387605072631
9.72794515706638 9.79789695091401 9.69366633442694 9.83681187327921 9.861841942731 9.74746714004355 9.66357679357252 9.63168779328546 9.173139841582 8.9686417666544 8.77193838047395 9.24640030202944 9.99743512684489 9.91647887103386 9.54368183885483 9.54311103808205 9.64292490285252 10.3483658675385 10.9867767684895 11.2168070384172 11.353808086119 11.0517663170165 11.1727725660843 12.0002230745663 12.3207986060502 12.3001400553315 13.6855936376204 13.5084802444003 12.191346207862 11.2563499244937 10.9588993407262 10.5467347682907 10.9590775164437 11.0260421931611 10.9575639553944 11.9936912502991 12.8561625764914 13.1586878603486 13.4919980663464 14.3505741600994 14.3158014059077 13.9322829190607 13.1640064748285 12.5503694161222 12.9640578168193 11.8432101970786 10.7777394785039 11.3611582454496 14.4564372051641 16.1854138829762 15.4066565870179
9.66489944462298 9.79844914906817 9.69899116931591 9.824983449184 9.89811880655756 9.74486321591717 9.7023063662593 9.61576289503499 8.96675913892342 8.64374146537584 8.77375555527839 9.57993483297023 10.0742257073408 9.70783882793287 9.3272457210066 9.84206488299665 10.3671063355509 10.7442788354625 11.4808316842562 11.1207234661913 11.3525461434292 11.4752595382878 11.7610048702465 12.5931652748018 13.3169248931947 13.2490485380478 14.1835674549914 11.6156703062415 10.5215246293723 10.4178293289752 10.395272919466 10.1405289291598 10.6663711176322 10.7875620235491 11.035618675604 12.1688004644151 13.1465499170291 13.2645104008358 13.858012115219 14.5496354655699 14.7395701866492 14.5907230302898 13.976449216644 13.092676572099 12.4856620076859 11.8107589093269 10.466487390203 11.1551675740687 14.1291720461569 15.4608253947925 15.4003248552582
9.47042682709128 9.6768112413571 9.64288572721226 9.69892390077281 9.85595612499094 9.80706157432877 9.72558733231974 9.39851854097889 8.47927896836942 8.11842660823964 8.9193024589572 10.2710088220027 10.3138993088733 9.86247570890205 9.69874913035583 10.1048992783666 10.8048720353221 11.1358539601295 11.595318824379 11.1261785184735 11.1973284163873 11.4924553183439 11.9615401582827 12.3065956701494 12.8013026968128 13.0184329285569 13.087463069109 11.4695666445132 10.9863581769966 10.8337636098364 10.0463727382033 9.93642944402947 10.581381919478 10.5248423990028 10.6381405223719 12.0428725120415 12.8261870668369 13.1950102410969 13.6103652648847 14.2030930339542 14.4142478195762 14.7243362776597 14.6419515776151 13.3934055945105 11.9722123215481 11.8017644068051 11.610871870394 11.6174306526098 13.5347546871855 14.863513357652 15.4468208794695
