Climate_data/silt1_4_Equal_10km.asc
NCOLS 560 
NROWS 490 
XLLCORNER -2904860 
YLLCORNER -5334205 
CELLSIZE 10000 
NODATA_value -9999 
[rows 308 to 329 of 490, columns 357 to 407 of 560]
7.25085467451508 7.45608305281798 7.53558007541439 7.17089266011151 7.16863464365426 7.34419864707304 7.49071788823529 7.70898051366566 7.96583983577532 7.90164393517651 7.22300924187318 8.02219195313408 8.57623888285902 8.33523776919752 8.7579120010479 8.81933525721268 9.07811778683162 10.4412581512786 9.78957365948354 9.17704579048135 8.94156430862539 9.35335704261995 9.67063500651575 9.21420566134831 8.52294634714463 8.53264890811519 9.10446104262564 9.92554816152846 9.32992337294237 7.26456644264531 7.29575451608611 7.17108323410327 6.38182783342807 6.56360152513066 7.09959021364115 7.76933692252698 7.85626440092359 8.10681538842966 8.71649069580527 8.58129171747429 7.75591398419305 7.39310344314145 8.06630292371547 8.72653204751426 8.92948542401996 8.97433083195201 7.92897561340655 7.58369358099558 7.63164850495926 7.49817464941415 7.58517419531261
7.19994133055462 7.36587755382488 7.3165752204506 7.25686428481666 7.415482579893 7.66334895085209 7.81699650971367 7.87058916337834 8.4233622854523 8.34842655365539 8.09109581014454 8.28859041139018 8.62847827407089 8.95562131652214 9.38346125922176 9.93656062266971 10.4099533449152 10.5587853004558 9.50622467494986 9.27728120826236 8.6087035919506 8.56760690380805 9.06885674588528 9.12734449326734 9.26543840387609 9.33139380791254 9.387144104494 9.94924411429954 9.40948435627399 7.42556246538307 7.21514430915729 7.14592988285135 7.07143366245883 7.69464610803242 7.64080780566698 7.34276739329256 7.35234944119592 7.70131399693843 9.12433205553207 8.50290109991596 7.69596627818975 7.3145502120172 7.12547740772997 7.84989836377223 8.83331864687901 8.97071673156314 7.69545812193219 7.4472056029053 7.52227448154035 7.36004894343972 7.59266714383149
7.53098802733025 7.55354107884599 7.38369692890807 7.52963199831932 7.74583522115911 7.87567998143633 7.98078926495452 8.39855386883974 8.98930265608056 8.94621874669114 8.87399139576389 8.81609491826493 8.86072037500995 9.39524658629151 10.1608284692672 10.6089254455818 10.4543878869294 9.71211450951747 9.10664577108879 9.21127621770109 8.46283256036498 8.07094890827609 8.24450798005009 8.69992532419461 9.06099719526309 9.14526533662753 9.10271012377033 9.6581175260201 9.69333338159025 8.61096424017038 7.14277819056442 6.97473469185742 7.58105972698297 8.47954664935081 7.54443350475065 6.98678312971381 7.87990263380713 8.48508265667921 9.89761114847142 9.94203195660641 8.95001878716797 7.83793518480332 7.27838932474052 8.06414636968291 9.17925713949155 9.21607861623053 7.62704106671626 7.2623081838999 7.41538127705129 7.34454459139829 7.57202096015764
7.94918796605064 7.86292004220476 7.8709261507272 7.98482475790999 7.81022631620745 7.72274030064442 7.96395523078892 9.00661752537574 9.23967273113863 9.44367855546514 8.97325572490595 8.62887361785642 9.25556535353135 9.96095442255853 10.4688364709059 10.5852130029552 10.4984361918109 10.1422546840995 9.62843638106814 9.4002606081913 8.76436788402182 8.20777759275629 8.59772409431784 9.05866171706105 9.3334246223586 9.48415716545054 9.20652658984444 9.59137042695995 9.64422186373171 8.88627122506669 7.45502028736796 7.66581862541557 8.34711284877004 8.59273472902325 7.54911589351391 7.60863792460418 7.71258442541179 8.76016688499667 10.1850196291224 10.9684002746956 9.96093939940469 7.98085058217338 7.03433794710597 8.4370810064339 9.70242997660398 9.8380002267265 8.02413230957152 7.37819338825055 7.5623833209422 7.59036393379288 8.04618909613243
8.11331269673802 8.24670714488034 8.40730194127043 8.27966628230221 8.31243270459781 7.85326509372093 7.86322961622439 9.11463882092327 9.55681320798295 9.26130368423777 8.46424585899232 9.29446576327413 10.7489743874123 10.4923375579821 10.0367658405369 9.96600986174588 9.75943515469967 9.60935029096215 8.85936938796369 8.75493382950585 8.72210340827404 8.28277176439655 8.98587169382595 9.30591128454342 9.7841094818953 10.1905847502112 10.0558363855276 10.1251165345266 9.90807493522709 9.5144610277571 8.20486261676096 8.01808760136145 8.79396987476696 8.84618444960813 8.35123958839099 8.56146555533487 7.89071773689972 9.37634468564381 10.4909600839144 10.7996860169632 9.37385517509021 7.9339878009038 6.90041229022418 7.92596584986565 9.28187810490222 9.32120715962606 7.75998653075222 7.87140848614242 7.79686326942713 7.54515633744371 8.15623508522659
7.93760006050294 7.92243898988975 8.30767597618632 7.82935623081846 8.18816254056841 7.94938135150981 7.90402054222679 8.46199622850249 9.22503961888599 8.92967141717072 9.20693960539179 10.5810456164252 10.8392168433666 10.1542922796348 9.42459252221165 9.06288148817414 8.76713060743577 8.82121373241635 8.70384599678247 8.53538660983555 8.38278185530612 8.30570163840495 9.1921803357101 9.81446240593353 10.2412454717115 9.81093663419477 10.024805772548 10.5975290447753 10.8742202056981 10.6688476540731 10.0310195468569 9.20261283077283 9.18793925457712 9.13350467895267 8.92992352551425 8.38326995872019 7.8361462552888 9.77346992177237 10.9491912197449 10.9284535546873 9.76891362869755 8.88381831760052 7.62904978929869 7.90679372265638 8.30796327481068 8.36148891392984 8.16529036430287 8.50715775215163 7.70204351976048 7.39191230249363 7.60345547192125
7.56634462526535 7.47970873173708 7.44396764506895 7.61295813514467 8.44025011275501 8.52386868430496 8.1109826251759 7.87472536354401 9.03425273122608 9.25632059557697 10.022979175384 10.7473982318976 10.5601622070033 9.83516189176461 9.11677398624477 9.09663707922298 9.13931928760769 9.42213739152774 8.88677785835621 8.59882278383368 8.41329107039171 8.50934372602303 9.70887801385283 10.1005962355778 9.47106175273716 8.18533539551829 9.29795743973136 10.4740354762595 11.0175727415443 10.7126815563153 10.0116767304102 9.41171020355581 9.3885077153255 9.1545024516736 8.99935288805099 8.36533066461731 7.85143870306069 9.39882774163289 10.6233183693606 10.5196917828751 9.116060046008 8.79092837621103 8.27107741484716 8.04344987780281 7.61319126292982 7.73297245972657 8.15693095046738 7.9621372546398 7.51750074859884 7.22252131639764 7.29198557878479
7.82292313856134 7.84056910540378 7.30080276614457 7.62987235421135 8.57609217046835 8.90162285299268 8.30951693790337 7.97188009215507 8.78654061480838 9.30663637003974 10.1088185999622 10.5446623474883 9.95955913764526 9.43495367523522 8.94306448370938 9.01172609033287 8.94165634138823 8.98872584262295 8.74935193426914 8.61424831503817 8.59314914533297 8.80812909932639 9.83570859791435 9.63607749823653 8.48438077655442 8.57583832683041 9.75840912152706 9.99211702172421 10.3758774665089 10.3589053055868 10.1763296938619 9.70333503721571 9.52465807717563 9.46316498769056 9.35274202282322 8.7241616812493 7.9627618036484 8.6267512901905 10.2201029732205 10.7337796038016 8.7838729962647 7.36609930090666 7.8526278829619 7.43558971114703 7.15834494214075 7.97815728726404 8.27034838081706 7.22419165965746 7.13829442010121 7.14917505239667 7.15421413866041
7.94349031925933 7.91170930186272 7.57537101173464 7.81292370703329 8.13642178274883 7.98696796587986 7.66713412408074 8.07819599506918 8.85048625577775 9.15696788769704 10.0356102568912 10.1835995136348 9.39430877613898 9.01505442301362 8.86250767860641 8.95614186721747 8.8126851477729 8.84602309777981 9.12801608297173 8.73175370664811 8.68003743911843 8.93941866220332 9.60863898835795 8.99178302674452 7.9976682490418 8.86699627726575 10.1941253404717 10.2390682019278 10.5416854238825 10.3658159880238 10.1467450209543 10.0907719191578 9.71128633989443 9.70328644657145 9.87119325808678 9.55555197777039 8.86639303209824 9.16585912687177 10.9124240331716 11.1571121430864 8.53438115958742 6.69168031430393 7.88385051224309 7.2906516019108 7.6769459634186 9.07664580580362 9.0645847535401 7.3216675841631 6.92609811064937 7.07621121535471 7.47991089708958
7.61975958199486 7.74226697355633 7.83429929547992 7.8106584095158 7.7709177609807 7.74971276545082 7.70911927936921 8.08105892973546 8.74485425207716 9.17588596979838 10.0410219920625 9.98663925714404 9.03897126626276 8.72343791624071 8.74701331368327 8.87692681031411 8.78761706375992 8.93992475981111 9.47286322347854 9.53936186304985 9.11706189592808 9.07834371672536 9.46522834567815 9.16134682790615 8.83982963924544 9.38959186113628 10.181592300155 10.4706509242073 10.6548674171778 10.7124652395092 10.2873381129533 10.0243256243313 9.83932550931402 9.89756186293794 9.76177451322534 9.65317289893844 9.72582848082494 9.1891580065397 11.0095492554606 9.88280711243424 7.43829420032144 6.98029349960962 7.9640291663175 6.92555819677459 8.54216986757549 10.55908344397 9.89274212822235 7.71814110090742 6.96239424950453 7.09290600068576 7.90073306708622
7.30341660857549 7.49711401142932 7.60058863263377 7.36252253006811 7.82777642675276 8.00908446532775 7.91236353449478 8.18936890668796 8.85140499014303 9.28021101698777 9.81949609528943 9.39207253972284 8.92545216709442 8.74477184032141 8.74654273597709 8.89777930779506 8.62260503241599 8.72517143417472 9.7066250022006 9.6899101048453 9.01309237774249 8.94247236702525 9.88666058873119 9.95453213307535 9.85457328937395 9.94397096321783 10.3663258142125 10.7361607240217 10.7954050075403 10.6625012619119 9.97261534702585 9.83993063395314 9.87980623400405 10.0753743847992 10.2493823360216 10.5724382459451 9.21033759454403 7.55472754728184 8.52202949493051 7.34677867989739 6.67528028198316 8.57821632373773 8.37101774286544 6.73377244019218 8.30366167395615 10.6024235251431 9.11584084949176 7.23845270067887 7.23839530239228 7.33107118892507 8.22445365194283
7.32152309431563 7.25482167987328 7.03832479896017 7.18040663737524 8.18188839408812 8.46060753895379 8.40263420699348 8.93583784696466 9.47369590464174 9.43772452153752 9.6666328079088 9.04254610206904 8.68823312958113 8.61352359788123 8.64451467352598 8.8848624220207 8.42274925751769 8.47318206354715 9.417418307328 9.13211560441936 9.11634128438968 9.42125979875022 9.85380643363037 10.0057977180963 10.102804060954 10.1401889250324 10.2113064589543 10.5146825076117 10.3306772864298 9.85911038434365 9.85346767249056 10.4126591391199 10.3415330047267 10.6963038140826 10.1593192677137 10.4267290514228 10.3810876993114 9.25187940862546 7.33691811502714 5.913882336434 6.39935193985213 9.20901707978675 9.00009630994854 7.187845461885 8.53004915289196 10.3084561698181 8.14503944184011 7.38325906067545 7.58771479212475 7.48917366392914 7.98311540025203
7.31172963345301 7.08462189152355 7.04866700901153 7.23749023311727 8.15905684000252 8.63209508666128 8.99425238731265 9.28850047471991 9.5535932035072 9.21847059231471 9.49659498565892 8.92366388520762 8.64361955384347 8.61570748940743 8.54275060390459 8.64944819036422 8.47487837872539 8.6689795386895 8.89792435062099 8.52597775980162 8.82428279189655 9.15673268132625 9.59806167799345 9.70087327982667 10.0699180247188 10.2020656391864 10.2853947917673 10.8027537383992 10.1132590119275 10.1181281199911 10.6918071129464 11.3494795772271 11.3495952876289 11.3292720577053 10.8303644455818 10.5734587555985 11.172282211417 9.8446052088177 7.01215414999943 6.47844114179548 7.68799286280073 9.57979387893888 9.51147077594066 7.61916515275367 8.37167455541546 10.0512515924906 8.22681764685713 8.04024882738698 8.97423511084629 8.81068792493937 9.09463567130823
7.10192123906665 7.10751350804476 7.26829494476443 7.4058372491815 7.94595376449601 8.61803380448211 9.00060540848247 9.30745459387605 9.11383583636266 8.75409367385381 9.37919285597994 9.28827567090323 8.71241184233723 8.34718734999745 8.3843039450416 8.35821311617151 8.33717158864758 8.62177754579986 8.92288843810875 8.89079370414496 8.98276741747255 9.15794416143371 8.86002279296449 9.17931380012877 10.0998784207782 10.4521983351584 10.825147469925 11.3685977490627 11.082255243873 11.3989676257315 11.6358645765438 11.9849074190187 12.0171075182555 11.6784539410876 11.3938103794328 11.3047591720607 11.0373226603464 10.2210082678542 8.48697882700765 8.85041813621694 10.2689694693423 11.0907646139684 10.8269388770999 9.64031694325138 9.64679696759519 10.4051404688829 8.4891388735662 8.08370648908952 9.80462382478327 10.3122391305934 9.40842305105291
6.77660876171372 7.13574347205142 7.34996093048077 7.34744276961991 7.75926951561645 8.53493115845527 8.82687599618652 9.13920515379557 8.78335578896685 8.14669506677779 8.5051420713381 9.37632050773404 9.09663457733152 8.44304441783502 8.31546611262998 8.19626873941975 8.24446780465896 8.79615254757289 9.43266078626788 9.63527618907887 9.47739052346479 9.23127717718202 8.81700024366029 9.52283683562392 9.54577088373765 9.55319833924906 9.90792411239138 10.6514952520092 10.7436619704825 11.2089766234097 11.7651350912168 12.1318916226539 12.0521429003441 11.8770782488071 11.5153699871288 11.9391358492736 12.1326756614143 12.11409298441 11.2909629843762 10.9693240504522 11.123218050468 11.3172357316077 11.5353057421892 11.6393201827824 10.811088153911 11.2931691542029 10.6492221245012 10.717504507873 11.753167121342 11.8516020592842 11.0434557738169
6.92590549134896 7.27316102461819 7.34636225404125 7.40775236206399 7.93618174082003 8.44091927565544 8.46383245493807 8.48288470824036 8.18866591518568 8.04912563738318 8.29212114758569 8.81804171768454 9.8298442172507 8.97504330596044 8.40336262823559 8.15143898501453 8.37750525024943 9.34616780067006 9.57128634128407 9.27854473674291 9.04025514913345 8.96555653076704 9.36945991647774 9.3980301687643 9.00274263899505 9.29968660925114 9.79049254055917 10.6947838042182 10.7380173649039 10.8950995450894 11.137897263777 11.4135814164006 11.4887014061534 11.5648004759507 11.5267185415145 11.8236757915039 12.6668235578909 12.997517031506 12.6334759808152 12.3437573924797 11.8751865409906 11.4213808436019 11.3750729890142 11.1501744282042 9.17630783082206 10.3243255415266 10.9515649225903 11.7350281125565 11.918020312254 11.1468098319342 10.4477485867573
7.0597658932685 7.35548778276599 7.34011651795847 7.3706049146257 7.6076868612254 7.99084874071196 8.07424620807346 8.10044074197679 7.93877738366828 8.00180097105273 8.25901577083645 8.83033916818471 9.62782705112397 8.89327284507965 8.42204091157741 7.78346299508262 8.36092092655434 9.7182055567382 9.96995716396117 9.22213121502415 8.68686190075365 8.55898023619996 8.67749063755251 8.80979019866534 8.67933334764746 9.11589493416406 9.86391300023525 10.5947826985823 11.2553107049185 11.4362246406845 11.086132323673 11.1566089918326 11.1472940128829 11.4213727171203 11.4005831780321 11.5439257117902 11.8783871391271 12.3386886618602 12.3795930536218 12.5244522970733 12.8565155501251 12.4261019462687 11.1904001936289 10.1150221200733 8.40548464070032 9.95410632306287 9.59570645439751 10.7929376253553 10.4476882906448 9.25171811158378 9.47426013722982
7.04733588681301 7.30436123380932 7.28488454811425 7.17276649568352 7.40117055591514 7.48937884408531 7.59561882951085 7.87679560163496 7.81628505982716 7.97579935492569 8.22494404096824 8.61977564903278 8.44923954906752 8.38591679458235 8.33961350771869 8.19150469262227 9.17820733257189 9.39456895595337 9.55301257178627 9.08052116934194 8.57377434645722 8.58561370504307 8.35758679844107 8.40134177115953 8.59061065431175 9.17257189980494 10.1005800431335 10.9775650911676 11.6393553416798 11.6052693766352 11.6993735751508 11.4568849092037 11.35961450174 11.5609796172319 11.7739529975377 12.1774198249206 12.2237963425048 12.2000665683861 11.942326307004 11.6319563084622 12.0642487756361 10.4422081617555 9.02976597781969 9.89379075128281 9.35351911314966 9.31176112376769 8.37672296260338 8.51478358728449 9.4422455853338 8.8275304657427 9.22847493557508
7.03242456756261 7.08737645847453 6.98288762088313 7.1014012200993 7.40410398269527 7.29002133298717 7.24709847075997 7.58869577742495 7.99871238893955 8.38572268667423 8.1092670591057 8.03463871424671 7.6339208834982 7.63519674857223 8.02317438212109 8.45521183273238 9.43081872988935 9.34074865617137 8.92253532211636 9.05870914626854 8.93415529882618 8.38719474617424 8.5804789340566 8.58533076941665 8.17697791874714 8.47617312612766 9.81936275827891 10.7448807862031 11.2443819312194 11.6822091395888 12.1030821876172 11.6162208892133 11.3892676408198 11.465127636645 11.6999366150238 12.104648505309 11.8482451652885 11.5942046535915 11.1336916095569 11.4692414287199 10.760494857249 8.76198235736684 7.75179314334729 8.47704350096092 9.35560314752771 8.82716639568944 8.31806274021489 8.87931882202158 10.0080525630243 9.09157490894406 9.29221450393126
7.11667888010011 6.98792900492377 6.70838937745278 6.93969164070608 7.4576593211341 7.31981687300623 7.64825095639558 8.25174046344705 8.56230206014719 8.25652626706907 7.6352718059248 7.52201354843854 7.31771411244592 7.31105560642542 7.79081595174827 8.49118351627513 9.12977838707618 8.75862759787264 8.5467263800321 8.84349146133994 8.71647391789167 8.0336671341181 8.86749667757281 8.85931514520061 8.52974497853036 8.71974139388004 10.0269460137804 10.4721896053649 10.5699199049341 11.1721209165121 11.7532284900914 11.5790816985493 11.6241142083226 11.7476462452215 11.9231326297782 12.1018372687635 11.4865191599496 11.0030621201748 10.9371518065185 10.6576848661243 9.44917500436535 8.44376012007213 7.42372098403556 7.73465537120446 8.75253918566694 8.99740709817574 8.82116623812547 9.54937111987962 10.5265506251452 9.56976364984508 9.36350647271549
6.82136198986966 6.94403353243688 6.6768816133144 6.9157842842497 7.44455503472016 7.46792140624756 8.32654313808194 8.23957036725599 7.7031357714487 7.36899545351741 7.25366285442121 7.20890621132946 7.42255269423028 7.53863755249511 7.80887047758298 8.52615433881003 8.59595740493512 8.41008191757216 8.05133943678856 8.13898775147976 7.81562533771132 8.26777942948222 9.01646887823321 9.08572097565796 9.34308599421966 9.79421464256857 10.3125416089814 10.6723155374088 10.9565716343921 11.3156426222773 11.5943977482927 11.7452331438587 12.0405629900636 12.3167512379493 12.834432821619 12.7362432452073 11.407909468847 10.545763927331 10.1655341679007 9.47501088619715 8.73516708706555 8.54684013350884 7.57643698332561 7.82682766494969 8.58829406709464 8.6440413398733 9.11722825487309 9.89969965865009 10.7961819972684 10.0460240113942 9.59905074301061
6.63637015137563 7.39447867061692 7.08633289868962 6.97452575258491 7.40980001108204 7.85989204616017 8.57308888473456 7.75055297694665 7.35254335669515 7.29844392185259 7.0863350831263 7.19288085090557 7.53643379281368 7.99112046779465 8.13804318307707 8.12485331896851 8.17468256295428 8.16077267128588 7.94378285235843 7.58389819942056 7.81163907670154 8.63623477977179 8.93293904893245 9.12019758743784 9.84715581219713 10.3381388740008 10.2722782314022 10.6466545802959 10.9320798654841 11.1515578154678 11.4382470189807 11.7235603096753 12.2489012677382 13.1608252700519 12.563978856843 11.8621576395771 10.8237469754699 10.0236089519672 9.64546422883998 8.90140985345016 8.74514032810905 8.81172133745245 8.0908866640085 8.24021273078512 8.30766565077001 8.26988463618273 8.93521662765303 9.54752897318589 10.282133495148 9.8322981688325 9.64207108722991
