Climate_data/silt1_4_Equal_10km.asc
NCOLS 560 
NROWS 490 
XLLCORNER -2904860 
YLLCORNER -5334205 
CELLSIZE 10000 
NODATA_value -9999 
[rows 154 to 175 of 490, columns 204 to 254 of 560]
7.75058541828179 8.33540993894258 7.27657604855615 6.34264250647362 6.29898910559552 5.66274496511262 5.44808901612835 5.38421324638548 5.76835720766086 5.67525520598136 5.09485558924124 4.67432945139971 4.41087350882481 4.32901519033967 3.60207142564586 3.23943901810424 3.79508073746014 3.81257871849961 3.44535326510281 2.6992427474268 2.68948213523525 3.27912063743456 4.44643134266407 4.55816953377045 5.59426806580253 8.9318731001736 9.94408691860865 9.80173872595045 9.13493485221092 8.84083558841221 8.26118983246444 7.55270118124337 7.11967037073877 7.33262332160834 6.93293965876242 6.67842749573901 7.27022224089518 8.42113298155838 8.20102466815353 7.54264081027207 6.70628728771295 6.70613581703878 6.79828446321113 7.09332646888753 7.43570472371449 7.4125123594346 7.12758399242013 6.79565725119624 6.37955413168572 6.13324321875513 5.93563889659495
7.35257519503057 8.07550607166814 7.19993898091495 6.78688293615426 6.41044184980331 5.34644732023129 5.20891669403692 5.58901299205698 5.33351872635318 4.96251109222783 5.22600998927018 5.22463588567327 5.2220095043033 5.30674654944252 4.17592799924286 3.49211188181303 3.48816168882419 3.25258601357662 2.78875367567089 2.70733040423254 3.84530088389451 5.2487962103444 4.8317634701053 4.16419894558795 4.65826819960962 8.63089344184999 9.42376342048847 9.37190141846697 9.38867359956479 9.32414657831331 8.99602197825886 8.55477164993316 7.23121974704402 6.37285732207461 6.26890494802514 6.44583712714889 6.70098793180241 7.03728179906868 6.79515477116978 6.67766102040028 6.60575989683325 6.53175477693603 6.46906537251411 6.61443530001664 6.92134088483198 6.96914812285356 6.87240564166692 6.64378601737537 6.30352823428684 6.02130621320387 5.74814180404532
6.82011643734584 6.98260024789771 6.6707869473896 6.24252142613678 6.28855295616723 5.26317648547623 4.84359410487463 4.79161758651478 4.72890407986486 4.99979803093124 5.25761130596477 5.53244395180399 5.71292791025826 5.42681845892731 4.40074659526715 3.53081525804568 3.0549880354111 2.75366480063227 2.72111856785901 3.18767861798265 4.82094575555382 5.90094638062176 4.74688870349056 4.39412197288973 5.63391905643475 7.88870901888484 8.1945294399258 8.8318992913739 9.03377769932123 8.62436818492404 8.01238295022225 7.59598550605854 6.47211100940688 5.69187040459084 6.01032142880589 6.03408112754589 6.0756168411497 6.20351807643748 6.20428154523757 6.384709360921 6.59489849648616 6.50197913950701 6.42722323802205 6.60604253158764 6.52429134387276 6.37933136367745 6.42520116494031 6.60996996985247 6.34025164398341 5.98867176516955 5.69984228683442
6.70478706903914 7.18963601607419 7.11324972686361 6.2105061849262 5.84578072375602 4.92824916084055 4.31393453507583 4.21392866577448 5.07028495214444 5.27950557459733 5.22203875000072 5.53443644557232 5.26912427266506 4.83411292749599 4.01401372651266 3.44878931795646 2.82146483390412 2.68839076225471 3.04535308973932 3.7034136888372 4.94684615527688 5.65336496755404 5.15808338674341 5.66600838809975 6.10587928235883 6.24356252900528 6.8399395242512 8.18286683791327 7.42719722575966 5.95332641590782 6.07343097523407 6.05451763764274 5.36658642519913 5.20255844129895 5.89714999931417 5.86328654714633 5.86616122485242 5.94637350726868 6.18041744860147 6.28448473290047 6.52708730634934 6.50415889316066 6.48458517101457 6.55440284606486 6.35017207927565 6.37539331330579 6.48193447585415 6.38078031187176 6.26307997277891 5.79448021643543 5.69671710731448
6.82313486928441 6.59645016979719 6.29107470998274 5.74292909282952 4.84661650483657 4.08383728662085 4.07361678427355 3.99125243430291 4.96732890153503 5.54473042075937 5.32321222965885 5.31668205565257 4.77100734407741 4.28550407335994 3.9347268071057 3.25295905570443 2.7832097851845 2.93324960358871 3.43586960572298 4.14149928974313 5.50466258204203 5.5170989750968 5.09434111224504 5.39663856863969 5.67127883901093 5.56363474273376 5.51323755292265 5.43105639960448 4.37500803032688 3.49655286356263 3.99250810570193 4.26989249329733 3.87646940117186 4.82508048257642 5.80456109832549 5.91443936897753 5.9388781402224 5.95839385628263 6.09492050079697 6.19247226405325 6.38063741718557 6.37783974674443 6.40291138961719 6.3129458073723 6.17730595516148 6.50329645148428 6.60036743218492 6.27288240270204 6.07605485728296 5.70723128233474 5.65239229775983
5.93958021063088 5.73821961952615 5.48402151510493 4.40179250752873 3.19377013810531 2.63645879589329 3.29033772350054 3.4751521463166 4.04289526875347 4.63533801855173 4.59251156561341 4.45494858154724 4.19467652151863 3.89753215396777 3.43850242522659 2.86966846545675 3.0188252311097 3.51911053724234 3.66269361550009 3.87295935333169 4.22719629159966 3.92171234544398 3.76818441848999 4.24770408388758 4.61113419152479 4.50428959792814 3.9923309892678 3.49655900566927 3.79158025121749 4.33711073330168 4.72746691766712 4.95474129369743 4.55080091511474 5.201919973028 5.69061000816939 5.74416923570999 5.80186298246543 5.83640118439049 5.8604005672739 5.96726988468685 6.21420390165405 6.23544290626195 6.15894203617814 6.18111063479355 6.2856629385906 6.3209026946946 6.41040228597836 6.21586264007535 5.91097759374702 5.78400958185306 5.6129419020037
4.26785081523394 5.1829103628128 5.18643325091072 3.74407497413909 3.05642058189154 3.38438456669163 3.53470750866041 3.71279110237447 3.43762196947533 3.96544926332549 4.20912912870699 3.92219475165527 3.54270589465173 3.13610081850719 2.77487482818088 2.77478415444599 3.28129571341444 3.6100363060637 3.55400837799853 3.47400774734861 3.48680949870051 3.46055174593514 3.26395449102558 3.57996997805074 3.92863309742504 4.14993432232153 4.21031729166399 4.46741206077512 4.69839261290464 4.75870683965124 5.47838477771204 5.30566127016668 4.87384965245196 5.63854451321486 5.80400816717029 5.68548618963951 5.75734781337686 5.85396685703099 5.79628249588621 5.82987213271349 6.14487788747402 6.24498211881273 6.13123157359042 6.22697456366557 6.45870296939165 6.31043866060849 6.28756719476914 6.07277961565259 5.90880539328772 5.78198429859228 5.69922938459297
3.78872100848552 4.77691525871796 5.08168291916725 4.39495578048765 4.15860944708944 3.69135649723557 2.91248649276312 3.16321286650849 3.07520386765829 3.48527946638071 3.79274826966385 3.37806002133855 2.86668291867247 2.77158502151984 2.85356349510802 3.0333116474563 3.5589946325805 3.77957246303856 3.60528701478289 3.4522259064864 3.32416310452931 3.06894986186614 3.18527501778843 3.67804360088545 3.89142862683947 4.27121247058135 4.4307996801367 3.91794595555489 3.46223369844717 4.04678632759591 5.29017303803464 5.40725384824638 5.77858710814142 6.38423685850068 6.52289656580536 6.22797921033639 6.22399715656618 6.24943279123196 5.9887869975074 5.85581233104486 5.94621991838065 6.18302521309325 6.24483765619217 6.33317497964389 6.38458393403734 6.28474132335326 6.07575945682946 5.88031084791571 5.80187658245627 5.80379624897538 5.75082530501013
4.39215334873812 4.36666597094395 4.35651127712375 4.49596299334498 3.98144586379551 2.90549739101451 2.52300474762929 3.22933672426123 3.73360653652801 3.3020964675645 3.32190625717874 3.35373775854517 3.0893415774407 2.83515796325252 2.79351523550097 3.0979840441858 3.71103336606448 3.86335189379233 3.63184616027228 3.44870457173444 3.25680551189071 2.94279058353521 3.18799601735209 3.52327656572119 3.69628297867551 4.0252152506765 3.4890521062559 2.9304241416628 2.79846935532803 3.08121940990236 3.3807744641565 3.70313446245314 4.52653061465948 5.4470198738395 6.0714382856271 5.97222782070019 6.0963345575251 6.32431304430524 6.33145025501288 6.04022610419186 5.89842919347002 6.06603171166425 6.19118918434037 6.27994319231044 6.23615846905505 6.14813258670254 5.9074964950537 5.75110114495598 5.6302764820234 5.75571965188272 5.7344325750889
4.48824841593326 4.34272549312372 4.21037528488029 4.10123155722399 3.41821181297412 2.74053659930884 2.73034246038937 3.3970657099866 3.74031408264546 3.43824765744476 3.49705191898855 3.68287006412109 3.60987447805618 3.20190295185939 3.16016387560413 3.46258952791069 3.69705100267476 3.60093154766512 3.34036820877299 3.24754544304792 3.05877828211872 2.78620863314474 2.89940079164409 3.43390884527168 3.99877719866986 4.69132903843001 3.4297011894756 2.52596872861215 2.38814542711234 2.80369413513535 3.16030869607305 3.48834319786673 3.38415969138131 4.41357136077392 6.15525013187144 6.30340217701653 6.16313889617622 6.42412214825589 6.64491525609777 6.15346386845038 5.94500177460008 5.94525602871695 5.95374238771913 6.05306677640749 6.19163132252621 6.02198444524687 5.8391051520906 5.71293771726418 5.62519424521834 5.61271053470946 5.61280920360545
3.46140601526115 3.53791303535655 3.88039369888337 3.49305969642961 2.71175496085844 2.24103241165763 2.29000719688412 3.01196645557456 3.13754323215852 3.10798587841806 3.43236907044 3.52862322833522 3.43623123179186 3.4718626797823 3.53898118560785 3.44068623048095 3.38409595061858 3.3048993186951 3.05727637300857 3.00451464245569 2.75474684546839 2.57101111268322 2.81581435349574 3.23023325629799 3.31761138767285 4.89576321861724 3.85675729233067 2.51465925392953 2.13881254776388 2.80604961065542 4.21361160627047 5.36194283941357 4.39614171496647 4.8161436323824 6.45093323213097 6.5691666281821 6.12534747643449 6.24031897067517 6.34370662575523 6.11538105862702 5.98253462545406 5.89449778828592 5.789728907628 5.82789152325138 6.01270267465341 5.93004619804516 5.79208220272364 5.81720913722723 5.66275147106761 5.58121537323575 5.49208943982007
2.28357519942553 2.29358069391412 2.58834266050278 2.47151625237606 2.12957810667291 1.89880561220915 1.98838702391584 2.6433985919212 2.69415463156689 2.89459997266455 3.15654422732179 3.13542592239012 3.10905692585106 3.19881635318615 3.15085485052776 2.96479895947043 2.93896540264234 3.08223741991836 3.23055478362163 3.18484651462747 2.62017290314793 2.64247142309442 2.6977336625211 3.16913017195919 3.05270662052379 3.14509767340805 3.13591875088251 2.3658078137095 2.1954378146172 3.19308770571186 5.36028661885271 6.07345926448388 4.9807908742778 3.84964804913195 6.17441964311249 6.25135796603536 6.0192974943108 6.09252844661537 6.05196460537301 5.97155720738067 5.94589832314178 5.88035595848676 5.77220706471171 5.69321071364528 5.79097437255296 5.78835469687571 5.72431095278723 5.76284026941345 5.68655760508784 5.6020806090017 5.49841331754688
1.82940158006963 1.80876118386741 2.02100232957721 2.18178798671157 2.16042166859319 2.22743013684671 2.81314432275665 3.15893718476662 2.72083843640167 2.82760876737665 2.92845428890203 2.85710689631532 2.81159937186103 2.82121473003321 2.64191591752584 2.38888046843334 2.28366545634349 2.49322900078627 2.74762212220699 2.70739503808682 2.71074136134086 2.42960061485953 3.26394409681949 4.72792109985157 3.77976632929929 3.21814307950841 2.81999706578333 2.41692234568665 3.11062820243608 4.12868078156285 5.63035921640023 5.94865574805966 5.57524104114486 4.20171318620015 5.77680963047634 6.17429828572908 6.11785199961216 6.06936962969202 6.0122123913904 5.91652466191451 5.9991467638578 6.01074794447801 5.96925383185705 5.78505185042904 5.88888258855875 5.84625388997979 5.75836458646527 5.70523820193426 5.78937637078515 5.84776354830424 5.73572082083395
1.79728326922707 1.99832408784596 2.16775863174891 2.99362163301339 3.81294963819949 3.3663787152735 3.5370616923741 3.76376907711661 3.3196946761643 2.89727162244299 2.86697158883658 2.91548516981499 3.19848775528259 3.29044325110673 2.5228230600317 2.03864330541471 1.92182563521788 1.97144828031937 2.06104120220111 2.25772329812447 2.80952195814166 2.7648560895367 4.71437890567072 5.36185469484093 5.15290382079398 4.79676503746232 3.68226355987062 3.73003635951993 5.1159580917811 5.7641588936737 5.75342425324691 5.77778502852409 5.8161795930539 5.26815204229157 5.70337568785512 5.98669502416219 6.17875885350182 6.12395681389243 5.95243150260192 5.91048530614615 5.9951666553341 5.98424557482628 5.9548854328733 5.89471253488929 6.02902058007292 6.05029920537577 5.83774492101234 5.75588791889528 5.86300034519262 5.9101793818547 5.90790273193282
1.80218811672754 2.16514726932238 3.32490549077505 4.59617198824252 4.78737426422074 4.33369752497503 4.42371676861421 4.80092156438801 4.20201679027617 3.08732985174636 2.63109506526536 2.83799753094258 3.02831836855271 2.91891745104198 2.13652371043849 1.78721936920004 1.65531643809238 1.71963845049563 1.82636356363135 2.28068851059306 2.86525400280811 2.90862331467061 3.19628274973884 4.15821505010089 5.91037502894906 5.5640990479481 5.54195013553629 5.95006267827943 6.07697559433654 5.98125212817938 5.89681671454829 5.95442135769464 5.99265573995286 5.94165811568479 5.79257497568454 5.82312163392733 5.99784651465787 5.91559295500843 5.79276818671654 5.77160944966061 5.77418481025209 5.78988878561993 5.89267828654755 5.95369855428619 5.97706565066578 5.94337574814052 5.76394422097298 5.75801073356846 5.94451848755055 5.98945917053841 5.93082373421371
1.94552339145385 1.95880527866684 2.68308771659734 3.47080093707357 4.04120300014617 4.28293906360023 4.15922131038786 4.56716197595388 4.5068325043966 3.48327490764439 2.76868572994923 3.17419065704486 2.77839738324101 2.37809612089538 1.95178807951774 1.64970856583975 1.77910609965159 2.30873563140496 2.77226358983091 2.51480808925914 1.91124003042478 1.85702378931155 2.18554415438209 3.64555907059575 6.06165945820366 6.14020071357417 6.24690749000661 6.17496577428103 6.16074290502579 5.93802665783876 6.05329384392831 6.15843227426076 6.12668661458794 6.0808850215132 6.05176607001323 5.97610729709984 6.01721376494969 5.93670712959303 5.86456371370422 5.79516088372657 5.74189444639255 5.78750404475278 6.01771635320535 6.06063943187401 5.78012592418991 5.71658386263303 5.75930394030684 5.84167052686672 5.90197807215774 5.79994475632814 5.83125188672278
2.13669204769262 2.14993508353058 2.11768503567095 2.90239129542297 4.00933778730619 4.31829558256661 4.03882369284143 4.47597946382689 4.19532508877822 3.40584178429758 2.88315423860691 3.11904042059387 2.91788995122579 2.28178758050048 1.9457351039263 1.87548856937767 2.84140631686021 3.93725795278799 3.50922244049899 1.91407247024268 1.85639490009261 2.93633438816485 3.44095381599302 4.36078119427553 6.16562953576671 6.29985098538918 6.32380033325965 6.23796504103753 6.26822378679118 6.16837034201804 6.19651877443495 6.14299500781117 6.23488980175015 6.21841283190523 6.1612327782545 6.07936770994032 6.07813779162483 6.11107122670402 6.08419279191282 5.96711162555165 5.94358050065867 6.03458869889858 6.16571997323862 6.09437215512862 5.75346589935062 5.75432546117892 5.86854200311884 5.72723407088182 5.62196059713118 5.72695658833494 5.82775651429958
2.54592833370912 2.44875622890733 2.28259866368494 2.95323491309156 3.45846342989777 3.57484512651566 3.19921647597647 3.96853712800892 3.75955619936525 3.53913114253092 2.95559181413709 2.41909794688299 2.33278526315862 2.0140216092153 2.04575190211389 2.73984925884858 3.85857931927482 4.11207988575479 3.16767776239315 1.99177973035256 2.34125951382182 3.95873169717152 5.01157936290397 5.75324603374314 6.27025670415557 6.41293897574398 6.36124804235093 6.3875674344535 6.39110647061559 6.33471181746475 6.28686566140282 6.20680643498137 6.36722462968303 6.31882057226338 6.2256567887701 6.15221708650771 6.21180435608748 6.24536889929561 6.20292276707672 6.18191098782601 6.18976701393638 6.28822039810745 6.13056668373985 5.94361360682079 5.80149045512663 5.8183982778753 5.95515646179808 5.78445942309531 5.76008377480199 5.76575978344697 5.71974865386081
2.40858185870969 2.2807580521911 2.33348362984858 2.12279526444157 2.11152378685175 2.05938982372092 2.27861792835192 3.21265186092928 3.96720359518195 4.11951110632355 3.44108509763515 2.11825274014006 1.96668448850662 1.88644006221868 2.43511536993547 3.16444639006315 3.97576057729112 4.02798226044818 2.52102885674667 2.41222967557805 2.38842116926648 2.45658982834252 3.18064357644981 5.08649583301425 6.1491493069187 6.21071376054619 6.20349383839895 6.36363057652934 6.48534123983945 6.37515530713879 6.31620523191135 6.31859969311116 6.37102983729317 6.30711960681438 6.2804967724442 6.3091864183565 6.37442889975264 6.32184707008803 6.180189545898 6.16755519286268 6.1813279626878 6.23441971136991 6.09886027980984 5.94629535748491 5.93772363366664 6.07695337578958 6.12033500258864 5.88697583526901 5.79272345381855 5.71802415462034 5.72726927055103
2.47313922436953 2.36306716014742 2.39535798932709 2.18610242827224 2.1773536656579 2.20720148902166 2.20420134649593 2.48102018313236 3.5068830699277 4.16470440010338 2.95163635089483 2.00205319401482 2.25078139327708 1.94438292715467 2.41835872396357 3.57982496365827 4.15063863963467 4.12153669653792 3.27705315918114 2.94062518504085 2.64498210103488 2.78240625462645 2.83953523219943 4.65920646041873 6.30775079681946 6.35506069411 6.04195680877722 6.13627502294134 6.37216405800842 6.57207270642132 6.67110345356673 6.52115260417414 6.43263158579131 6.3587190933184 6.39357389069787 6.37935184296238 6.33627783765319 6.30342921217083 6.21123037578825 6.1563219767644 6.17910668988799 6.23866462716458 6.16470958512614 6.04840004506924 6.09408299238761 6.18183336384421 6.14826319854189 5.93484135309877 5.73469230975081 5.66799684354858 5.73363718391386
2.74333136173656 3.14383977084048 2.96801925823012 2.30635222597571 2.17400017359861 2.35408602755281 2.51037927123889 2.59927840565825 3.40037604742428 3.46633146240691 2.23266065471328 2.1009498715921 2.99256612055282 1.99085791323112 2.05299766712269 3.01422660221232 3.94816379948747 4.63425568148766 5.49624131845124 3.4655511713261 2.74311329087831 2.97700427964272 3.06265183768145 3.77806277072545 5.91255325598798 6.45709009817313 6.30064421023297 6.19453234618633 6.39526187081862 6.6182842385056 6.83416143273629 6.75176707115502 6.63331587472203 6.48397100233269 6.4952932084376 6.44723658535908 6.41481048857251 6.33591632066553 6.27982414703403 6.17533991386436 6.13258562433669 6.21317343432097 6.21245974832614 6.15771429912294 6.11513405659011 6.10407628733213 6.0586219216968 5.93216371077083 5.82206053244122 5.81711027774557 5.87806490772629
3.18615133009246 4.83457144433748 4.87020234322626 2.88357907403278 2.26184506239253 3.86503685190159 4.85107578612277 4.17389253290294 4.14775836717608 3.47579974070012 1.99136277453185 1.93728235700044 2.47497019958747 2.26423743028859 1.87487639310596 2.28105616661104 2.96903060012142 4.20084032946033 5.47992351171988 2.8329136904307 2.36720011626604 2.86544289691776 3.2297777494239 4.07192533815771 6.15616562884215 6.61274317531115 6.64739853600392 6.5858943055303 6.86444275781629 6.81044221698987 6.8431680632038 6.83916314111642 6.69802554287288 6.62092040817948 6.60714494110909 6.62462962156564 6.58792777090002 6.45128831116347 6.3507741978857 6.2538978543466 6.23640508161143 6.29247618638052 6.22660402900213 6.09867410722042 6.03034968932273 6.04032697632192 5.96167964822518 5.9758950582443 5.92675415829345 5.86379201157981 5.86859412890402
