Climate_data/silt1_4_Equal_10km.asc
NCOLS 560 
NROWS 490 
XLLCORNER -2904860 
YLLCORNER -5334205 
CELLSIZE 10000 
NODATA_value -9999 
[rows 308 to 329 of 490, columns 102 to 152 of 560]
-9999 -9999 -9999 -9999 -9999 -9999 -9999 -9999 -9999 -9999 -9999 -9999 0.641264814672396 0.786043774894321 1.27392191925459 1.49560825396607 1.8638863153235 1.62606516159193 1.20382803355341 1.9980052668941 3.83671325783979 3.73724551631809 3.24105791192593 3.11247058260232 2.95663507019761 2.728980844019 3.11544839309041 3.09627550154518 2.98888538701612 3.54911980355301 3.89581252426538 4.04483909473713 4.61974778555746 4.72110363162238 4.3589869710542 3.80679005474013 4.01486172659758 4.38058905323547 4.75823003401046 5.40564736953965 4.26083880918484 3.87486122186519 3.82020357200683 4.37645493507361 4.23767432761227 4.07869595952145 4.13889084172876 4.15503947196896 4.29602124152352 4.24621133924432 4.70357463986592
-9999 -9999 -9999 -9999 -9999 -9999 -9999 -9999 -9999 -9999 -9999 -9999 -9999 0.872393842615786 1.0597686547572 1.46326865332555 1.80548428774257 1.87460872079387 1.63290581331423 1.96656768710881 4.02052080310184 3.50623779918623 3.04120811352791 3.38386572208903 3.24155151633363 2.87160614020238 3.13721440834994 2.96621987670506 2.70261552977861 3.07914325229144 3.39530889701367 3.59221359548823 4.11295555939629 4.944969602904 4.23210536616443 3.67235388403846 3.94191800923725 4.51327672121438 4.99943615611962 5.20566686107798 4.61290938048314 4.13112249616144 3.86726755579212 3.87731619465609 4.11920093558466 3.91258833632902 3.95993305645223 4.22444958881217 4.14703332971291 4.08779247501538 4.24715939439002
-9999 -9999 -9999 -9999 -9999 -9999 -9999 -9999 -9999 -9999 -9999 -9999 -9999 0.805412061899521 0.825313475995042 1.18181026947168 1.64826508225703 1.84396226138256 1.81515850049676 1.9518354539292 3.77721903371904 3.32517917081704 3.05087548175209 3.6475498009519 3.62611471233337 3.30637009486104 3.27290129475224 2.83511825350011 2.59837067582989 2.83683053599847 3.30792378630859 3.69630873177924 3.91201174535149 4.75203081888223 4.14281584020698 4.25101022099608 4.84610474131373 5.11211064244929 5.0429466093747 5.11657807212644 4.8266887185399 4.41026383877713 4.06514802003394 3.87645068474974 3.86679990115905 3.90046242335407 3.99365086938001 4.06350415433216 3.91985928246172 3.88863794281473 3.78784102216099
-9999 -9999 -9999 -9999 -9999 -9999 -9999 -9999 -9999 -9999 -9999 -9999 -9999 -9999 0.804806915189292 0.846394790674565 1.20621273869251 1.508016985941 1.73611507493793 2.05869963921746 3.45505790716766 3.57098278773086 3.10425538457251 3.606687612421 4.06314317224099 3.69875512120395 3.42935461669183 2.96202614732904 2.77996349105643 3.22098446453607 3.82180156319423 4.32849002004554 4.29181183258343 4.24430589641059 4.02503137153759 4.42103383310264 4.75501710594343 4.58913630525068 4.05445226953538 4.42023887941602 4.71069088953622 4.42874003418828 4.43744081195051 4.348482983634 4.13800712084116 3.95245556099615 3.87266322223902 3.75653774260285 3.74922816411478 3.57932660560634 3.62156073640496
-9999 -9999 -9999 -9999 -9999 -9999 -9999 -9999 -9999 -9999 -9999 -9999 -9999 -9999 -9999 0.73588662543322 0.980578509578808 1.29087079537715 1.53998161832302 2.09275524284135 3.10961229144699 3.85428967060323 3.24699837996908 3.12391955523796 3.47758830252034 3.98325123176981 3.67091802155863 3.23528363618495 3.0582631022195 2.96329909975633 2.94894349373571 3.55047192138087 3.70146792419097 3.52400100205688 3.95323407333327 4.26696762683619 4.7222956975157 4.05090289370021 3.63111446467663 3.98987087914416 4.13507128020112 4.06333047974517 4.28299508250644 4.22850408086801 4.1949644480398 3.94885833368344 3.81561145052736 3.60709859822578 3.79522161802734 3.67754382471702 3.79336747977212
-9999 -9999 -9999 -9999 -9999 -9999 -9999 -9999 -9999 -9999 -9999 -9999 -9999 -9999 -9999 0.845568299293518 0.965850772375026 1.24795629140269 1.73776293602296 2.15312980437745 3.5131625036048 4.15555718654788 3.30448402239005 3.03286152244578 3.02413368374369 3.63921025027291 3.82917827616186 3.5230575559976 3.07151971988526 2.93092586254641 2.7129511088238 2.69939857022645 3.22137949434485 3.64253375963078 4.28922888072026 3.76352249910987 4.47002231224074 4.50881989186963 4.39609974019841 4.57770512492421 4.48990881349018 4.32906632731912 4.19377093557302 4.72215643839705 4.47559527563286 4.17476790581926 3.97369475964008 3.92856278735056 3.924696415879 3.95743602641028 4.04985495922315
-9999 -9999 -9999 -9999 -9999 -9999 -9999 -9999 -9999 -9999 -9999 -9999 -9999 -9999 -9999 -9999 0.905516588211719 1.11872722049674 1.87000312656981 2.1811448156695 3.42952144657999 4.00123183436121 3.66534713357475 3.29517568966679 2.88638732674576 3.01152859349963 3.51097866302319 3.71374522721942 3.09934473965896 2.86790242425216 2.85252336455504 2.86435895604626 3.29073500052379 4.0300641714083 4.17580907577544 3.48083429816041 3.84931711458249 4.69112790682964 4.94065864293656 4.65334029568938 4.84515194585306 4.56081740292151 4.86282745858798 5.13828864606688 4.7456390853224 4.37491070669736 4.04086857424114 4.0954164778321 3.8946693027194 4.03878363181943 4.28101957902453
-9999 -9999 -9999 -9999 -9999 -9999 -9999 -9999 -9999 -9999 -9999 -9999 -9999 -9999 -9999 -9999 0.843335366990879 1.00882532174573 1.81881640437578 2.17690264926664 3.25099472570625 3.96809558012776 3.87293765656675 3.45215655742187 2.94191544275991 2.74398014153901 3.13316185542938 3.81876496774183 3.55340967904327 3.05696692619365 2.7291090817549 2.64287399246754 3.34306142205308 3.98249547105942 4.2033799819066 3.64154962530372 3.50359227692139 3.95947525407605 4.26539604429465 4.17148543436988 4.73129545355541 4.85782602608914 4.92458913384219 4.48075183926871 4.64532191686371 4.09628871040712 3.79785617817833 3.72969948636903 3.54658176759529 3.94521003764753 4.08591152443174
-9999 -9999 -9999 -9999 -9999 -9999 -9999 -9999 -9999 -9999 -9999 -9999 -9999 -9999 -9999 -9999 -9999 1.33645916378622 1.45363869153464 1.85209492529735 3.26123587967567 4.23400686312681 4.35501137875933 3.8583125053491 3.17054097563988 2.81280503958758 3.06506190107733 3.75345742893405 3.83730097899899 3.35136196060004 2.97754957605781 2.97362363037871 3.5891445486242 4.18799104098798 3.73523221557919 3.34275117011179 3.11113307008515 3.1638974976908 3.60489952399902 4.40935439883322 4.81069357386964 4.69182876717024 4.55082220175037 4.04576342045421 4.5776309163147 3.91364556686213 3.64945310135599 3.56216901121852 3.52393983761673 3.87594548717263 4.03280306322469
-9999 -9999 -9999 -9999 -9999 -9999 -9999 -9999 -9999 -9999 -9999 -9999 -9999 -9999 -9999 -9999 -9999 1.15521508600171 1.15949851780438 1.74264478267687 3.24348509022463 4.10875501933243 3.97461226636527 3.75890255559226 3.08296411056903 2.79415869398776 2.78035131472877 3.40239665671966 3.79668256285601 3.59914206799506 3.30823060559126 3.56756632478527 4.05941737179974 4.2978312778608 3.72282747983117 3.69436696041547 3.52728043891776 3.19974998704082 3.49043509105489 4.71333645950307 4.80513674941985 4.07925637831422 4.25542029843053 4.32860656769618 4.01981022540395 3.90650835822462 3.76788044679222 3.97310198306202 3.85374412182477 4.00358285115418 4.14011721173689
-9999 -9999 -9999 -9999 -9999 -9999 -9999 -9999 -9999 -9999 -9999 -9999 -9999 -9999 -9999 -9999 -9999 1.43295670664101 1.50858227461992 2.06818479727491 3.1459446520026 4.24918181737468 3.85895022391326 3.71902164088326 3.102651478316 2.71502753067669 2.72364757989186 3.18403078104487 3.06659187396617 2.98711879227568 3.33466096400394 3.91626252644706 3.96041851391486 3.58239645088321 3.07117899223561 3.17440949954465 3.41198309095305 2.95614849148869 3.34689249398045 4.45643622510327 4.94471884298406 4.53510883328423 3.99803025428924 3.94860915044209 4.16075885908973 4.37149154749204 4.1535083091035 4.3630502760497 4.24325559171524 4.20307660637876 4.31353481706468
-9999 -9999 -9999 -9999 -9999 -9999 -9999 -9999 -9999 -9999 -9999 -9999 -9999 -9999 -9999 -9999 -9999 1.11022833697678 1.31887402283525 1.96892365940567 3.04152311946996 4.18930782051288 3.86951026042345 3.65683812483531 3.33745242311186 2.92919476843913 3.14752402381342 3.46083978249027 3.17453841436883 3.13129851904703 3.43987524833652 3.88237244441851 3.82562905758383 3.58806388310794 3.39906758972408 3.07833638493695 2.97702968665703 3.12197294523404 3.19525777763896 3.72426112936774 4.0747252908733 4.98472899227021 4.29117291363305 4.17266366545909 4.38659857818603 4.52121129681231 4.18433107264749 4.25472756228969 4.00556861053688 3.99035116237134 4.06997537209504
-9999 -9999 -9999 -9999 -9999 -9999 -9999 -9999 -9999 -9999 -9999 -9999 -9999 -9999 -9999 -9999 -9999 1.66186271542663 1.87467375651421 2.66282702776111 3.23444910997329 3.94472958373811 3.85909903613568 3.71133938548291 3.38573764353431 3.26491729926055 3.45660615601555 3.60232397138552 3.59198483587138 3.56992809738578 3.83617304651993 3.88636665758126 3.78271705243744 3.53880090821695 3.58041182543364 3.44994703054353 3.09450901926822 3.17999331249792 2.8474242496213 3.12479570671495 3.67157790164287 4.38590715335005 4.46208508728129 4.43141181011847 4.44217570014768 4.07528021896583 3.79019282110466 3.88453294060361 3.65658302824247 3.64604731583695 3.91192099684582
-9999 -9999 -9999 -9999 -9999 -9999 -9999 -9999 -9999 -9999 -9999 -9999 -9999 -9999 -9999 -9999 -9999 2.21402525901794 2.15083501428611 2.42074130120948 2.56620333353463 3.81488099741963 3.81903692874829 3.71814732353462 3.2738067937999 3.34269643231512 3.15515445748989 3.22046970975526 3.56603296150552 3.70642597311908 3.95093564025512 3.76899421303114 3.33895072945091 3.1942642000685 3.57441143343877 3.90354041623423 4.03707677129742 3.31326791309554 2.50558847575141 3.03063963826153 3.66363430415602 4.03787055970805 4.50626686627403 4.64421055831804 4.17810905543435 4.15285872850131 3.78435829304851 3.89994916239786 3.45132414132012 3.3040742989083 3.56644094779904
-9999 -9999 -9999 -9999 -9999 -9999 -9999 -9999 -9999 -9999 -9999 -9999 -9999 -9999 -9999 -9999 -9999 -9999 2.00389918151459 2.1357058821523 2.41149584033906 3.49013502404191 3.55923220349642 3.57433095557759 3.29604468712558 3.20434465596804 3.13401186566766 3.11490728878385 3.49104349619688 3.74556542787068 3.65479808272058 3.46781503654362 3.17458197074899 3.05863914226666 3.6524021641537 3.9206194563745 3.82361964647016 3.28393097432619 2.93221035114165 2.80691305318901 3.14399008089227 3.60952219582338 3.92770124669458 4.23034725851578 4.19829768404605 4.52093149575646 4.35502937397449 4.01773570211746 3.64176550503389 3.13813167903493 3.26297654561634
-9999 -9999 -9999 -9999 -9999 -9999 -9999 -9999 -9999 -9999 -9999 -9999 -9999 -9999 -9999 -9999 -9999 1.18732951946172 1.7949502578278 2.45484371718057 2.78674170121111 3.6201562355869 3.51831195948565 3.38396943417509 3.2829384730442 3.18306493264317 3.34410119805958 3.40961621757697 3.55469341960208 3.63281677219515 3.57842513305344 3.47100132503164 3.30368009163642 3.1915615270157 3.50137702429136 3.87679176426476 3.43144984416574 2.79888200014487 3.04551598159124 2.79812460103593 2.96523652378628 3.09434271433768 3.33448566625663 3.34783576236326 3.63537242091648 4.25905770221756 4.46757151229407 4.16153169307275 3.98379544713432 3.6008147218904 3.61932486127731
-9999 -9999 -9999 -9999 -9999 -9999 -9999 -9999 -9999 -9999 -9999 -9999 -9999 -9999 -9999 -9999 -9999 1.2126389422796 1.70424749898545 3.20804656478674 3.44418885655273 3.70866205744096 3.65708022940929 3.3625158834706 3.32387554403676 3.24868870822765 3.3637690315678 3.51827714851562 3.64109847658772 3.57741883805835 3.49974156251005 3.44828818905095 3.43108199958208 3.37325342700147 3.38839114142632 3.67004355347535 3.47909860513917 2.89270930394993 2.72668826146286 2.6957891315047 2.62131283891325 2.58987094436645 2.95447153614403 3.15066571165432 3.76546215598699 4.29333806527278 3.87641910021378 4.17833399365977 4.31203277674288 4.06039223654895 4.03059432886367
-9999 -9999 -9999 -9999 -9999 -9999 -9999 -9999 -9999 -9999 -9999 -9999 -9999 -9999 -9999 -9999 -9999 1.49549069370647 1.87444305716316 3.11885790536564 3.89081841794389 3.75659075059973 3.61609688202046 3.38456934044206 3.22261459694262 3.26284304077359 3.33474708402795 3.53397773445545 3.61508287904715 3.55731742778203 3.46793778191055 3.47277602861295 3.49227165276923 3.51894593799142 3.59809443734059 3.7154925002213 3.61805556551158 3.02285750773097 2.62062460025673 2.86790381689283 2.75615879267063 2.59178842329768 3.09271413752494 3.86525251792813 4.46526409433728 4.40996216501966 4.19693697891059 3.96805117379378 4.16910210168415 4.39230481458655 4.46021004181618
-9999 -9999 -9999 -9999 -9999 -9999 -9999 -9999 -9999 -9999 -9999 -9999 -9999 -9999 -9999 -9999 -9999 1.77110346775719 1.97733489901541 2.67204090602325 3.77619354606313 3.96240365535502 3.56879474056964 3.34834793367382 3.13503686986327 3.21869734491687 3.26304023124525 3.36429130688701 3.46408745564263 3.53975853304481 3.43084117839979 3.30752215181031 3.21235568038385 3.51918679300546 3.65974026871018 3.70846035586584 3.65727808276774 3.21725927904624 3.03782317159761 3.35583519501477 3.40055532168005 3.01961446477236 3.23752109492872 4.05857508559208 4.76371234863177 4.22912349322064 4.29370294281805 3.81822871711886 3.7793392320409 3.91329126634964 4.36825611345584
-9999 -9999 -9999 -9999 -9999 -9999 -9999 -9999 -9999 -9999 -9999 -9999 -9999 -9999 -9999 -9999 -9999 -9999 2.21273430084825 2.33067556254278 3.49746539024005 4.02167912482892 3.38601289795372 3.35451998871627 3.04805332838301 3.09348846353006 3.25771518156262 3.36375819121257 3.36555453817465 3.46523007925208 3.22116406783239 2.95889899948879 2.92696870418945 3.35087818495787 3.47589080929421 3.39918388747352 3.34970024253054 3.29550861501098 3.61924703994302 4.03790371325614 3.87874219108563 3.3078080120987 3.15898477692575 4.01413734089786 4.74105546325881 4.14025391185567 4.03454328238299 4.02138193044959 3.76019423522578 3.81457385804005 4.35483476803814
-9999 -9999 -9999 -9999 -9999 -9999 -9999 -9999 -9999 -9999 -9999 -9999 -9999 -9999 -9999 -9999 -9999 -9999 2.23529439764548 2.22395425381315 3.25712579567146 4.11008541070031 3.36570437173905 3.21112634117801 3.00452128918932 2.90290102149778 3.01320815458566 3.3194494497533 3.33998111048292 3.37861196844937 3.00349724515963 2.66282140234338 2.73575644330088 3.07921686328479 3.19335831359348 3.19929928210862 3.54004305488119 3.64829035680193 3.91825102556967 4.40804502732381 3.84305355076284 3.67035103913582 3.45323495064434 3.72969642532457 4.45185044339536 4.40052824212848 3.90644101343903 3.93180341051942 3.9006986030487 3.82939135968428 4.0746236358748
-9999 -9999 -9999 -9999 -9999 -9999 -9999 -9999 -9999 -9999 -9999 -9999 -9999 -9999 -9999 -9999 -9999 -9999 2.19284786731612 2.21535459585761 3.15315137023004 4.13340918907298 3.59285451706252 3.10616083067908 2.88604572534553 2.78196847058626 2.78985927097805 2.96898730672992 2.91661309568046 2.82744762647281 2.64878587423771 2.59603154468642 2.69341361194476 2.85162020706992 3.03634535530246 3.78041387481078 4.22038128278295 4.12624726983835 4.16501757240039 4.68520051527495 4.30508922845525 4.18728612654182 3.56546203195119 3.44962401358324 4.09568063830665 4.60209949244992 3.98475724551495 3.89443651272084 4.01827343950521 3.91253159916396 3.88602582252044
